date,total_sales,dcoilwtico,dayofweek,month,quarter,dayofyear,weekofyear,lag_7,lag_14,lag_30,lag_365,rolling_mean_7,rolling_mean_30
2014-01-02,12034.864999,95.14,3,1,1,2,1,6151.595,9382.83803,6691.943,0.0,4330.858996571428,6471.140866633334
2014-01-03,11700.4514,93.66,4,1,1,3,1,7440.179,7930.986,6333.197996,7417.148,5171.326139285715,6649.2382666
2014-01-04,10863.582,93.66,5,1,1,4,1,4532.439,10906.77801,9158.644999,5873.244001,5779.936482142858,6828.1467134
2014-01-05,4634.573,93.66,6,1,1,5,1,1819.251996,8320.063,5920.25,5919.879001,6684.385482142859,6884.977946766667
2014-01-06,10766.978,93.12,0,1,1,6,2,5754.39498,5450.8460000000005,3094.035005,6318.7850100000005,7086.574197,6842.122046766667
2014-01-07,9582.605009,93.31,1,1,1,7,2,4618.153,11476.883,5387.647004,2199.087,7802.657485571428,7097.886813266667
2014-01-08,13372.519,91.9,2,1,1,8,2,0.0,8536.046,2435.633,6150.924,8511.864915428572,7237.718746766666
2014-01-09,9817.64,91.36,3,1,1,9,2,12034.864999,6151.595,6442.102,5597.181,10422.224772571428,7602.2816134333325
2014-01-10,10688.5596,92.39,4,1,1,10,2,11700.4514,7440.179,7488.41498,6808.57899,10105.478344142857,7714.799546766667
2014-01-11,10123.369896,92.39,5,1,1,11,2,10863.582,4532.439,8486.091,4757.715,9960.922372714285,7821.4710341
2014-01-12,4477.641,92.39,6,1,1,12,2,4634.573,1819.251996,7966.511,5494.01598,9855.177786428572,7876.0469973
2014-01-13,10587.845,91.45,0,1,1,13,3,10766.978,5754.39498,7629.721,5467.78298,9832.758929285714,7759.751330633333
2014-01-14,9212.402,92.15,1,1,1,14,3,9582.605009,4618.153,7158.148,2693.878004,9807.168500714284,7858.355463966667
2014-01-15,12945.3155,93.78,2,1,1,15,3,13372.519,0.0,3157.155,5651.68501,9754.28235657143,7926.830597300001
2014-01-16,8728.828001,93.54,3,1,1,16,3,9817.64,12034.864999,7651.485999,5204.174,9693.253285142857,8253.102613966666
2014-01-17,11014.48993,93.96,4,1,1,17,3,10688.5596,11700.4514,6812.793000000001,6733.596002,9537.708713857142,8289.014014033333
2014-01-18,10084.039,93.96,5,1,1,18,3,10123.369896,10863.582,9382.83803,4942.474,9584.270189571427,8429.070578366667
2014-01-19,4611.47,93.96,6,1,1,19,3,4477.641,4634.573,7930.986,5923.124001,9578.651490142858,8452.443944033334
2014-01-20,9262.299,93.96,0,1,1,20,4,10587.845,10766.978,10906.77801,5895.146,9597.769918714286,8341.7934107
2014-01-21,10658.405,94.51,1,1,1,21,4,9212.402,9582.605009,8320.063,2371.133995,9408.406204428571,8286.9774437
2014-01-22,12342.9955,96.35,2,1,1,22,4,12945.3155,13372.519,5450.8460000000005,5227.60202,9614.978061571428,8364.922177033333
2014-01-23,9154.47502,97.23,3,1,1,23,4,8728.828001,9817.64,11476.883,5298.986,9528.932347285716,8594.660493700001
2014-01-24,11079.889104,96.66,4,1,1,24,4,11014.48993,10688.5596,8536.046,6259.346,9589.739064285715,8517.246894366666
2014-01-25,8688.380995,96.66,5,1,1,25,4,10084.039,10123.369896,6151.595,4861.523999999999,9599.081803428573,8602.0416645
2014-01-26,4675.985,96.66,6,1,1,26,4,4611.47,4477.641,7440.179,5577.701,9399.702088428572,8686.601197666667
2014-01-27,9643.89702,95.82,0,1,1,27,5,9262.299,10587.845,4532.439,5290.32701,9408.918517,8594.461397666666
2014-01-28,8987.657,97.49,1,1,1,28,5,10658.405,9212.402,1819.251996,2439.378,9463.432519857144,8764.843331666667
2014-01-29,12354.5677,97.34,2,1,1,29,5,12342.9955,12945.3155,5754.39498,4976.808,9224.754234142858,9003.790165133334
2014-01-30,8977.837,98.25,3,1,1,30,5,9154.47502,8728.828001,4618.153,4681.5110005,9226.407405571428,9223.795922466668
2014-01-31,10591.1898,97.55,4,1,1,31,5,11079.889104,11014.48993,0.0,6118.887,9201.173402714285,9369.118722466666
2014-02-01,6642.345,97.55,5,2,1,32,5,8688.380995,10084.039,12034.864999,4712.577,9131.359216428571,9722.158382466667
2014-02-02,2490.672988,97.55,6,2,1,33,5,4675.985,4611.47,11700.4514,5782.7789999999995,8839.06836,9542.407715833333
2014-02-03,6181.2740005000005,96.44,0,2,1,34,6,9643.89702,9262.299,10863.582,5706.91901,8526.880929714285,9235.415102100002
2014-02-04,5704.709001,97.24,1,2,1,35,6,8987.657,10658.405,4634.573,2267.983,8032.220498357143,9079.338168783333
2014-02-05,7413.17698,97.4,2,2,1,36,6,12354.5677,12342.9955,10766.978,5574.041,7563.227927071428,9115.009368816665
2014-02-06,5684.777,97.84,3,2,1,37,6,8977.837,9154.47502,9582.605009,5080.786,6857.314967071429,9003.216001483332
2014-02-07,6527.8828,99.98,4,2,1,38,6,10591.1898,11079.889104,13372.519,6107.432001,6386.877824214286,8873.288401183332
2014-02-08,6081.824998,99.98,5,2,1,39,6,6642.345,8688.380995,9817.64,4452.242995,5806.405395642859,8645.133861183333
2014-02-09,2393.5139994,99.98,6,2,1,40,6,2490.672988,4675.985,10688.5596,5593.812,5726.331109642858,8520.60669445
2014-02-10,5819.104,100.12,0,2,1,41,7,6181.2740005000005,9643.89702,10123.369896,4435.572,5712.451254128571,8244.10517443
2014-02-11,6135.15099,99.96,1,2,1,42,7,5704.709001,8987.657,4477.641,1199.135,5660.71268262857,8100.629644563333
2014-02-12,7494.975996,100.38,2,2,1,43,7,7413.17698,12354.5677,10587.845,1344.749998,5722.204395342857,8155.879977563333
2014-02-13,5631.581,100.27,3,2,1,44,7,5684.777,8977.837,9212.402,1852.01501,5733.889969057143,8052.784344096666
2014-02-14,7060.89,100.31,4,2,1,45,7,6527.8828,10591.1898,12945.3155,6121.725,5726.290540485715,7933.423644096666
2014-02-15,6569.446,100.31,5,2,1,46,7,6081.824998,6642.345,8728.828001,4999.187999,5802.4344262,7737.27612743
2014-02-16,2770.94799,100.31,6,2,1,47,7,2393.5139994,2490.672988,11014.48993,5387.78798,5872.0945693428575,7665.296727396667
2014-02-17,5684.369000000001,100.31,0,2,1,48,8,5819.104,6181.2740005000005,10084.039,5625.385,5926.0137108571425,7390.511996063333
2014-02-18,6545.479,102.54,1,2,1,49,8,6135.15099,5704.709001,4611.47,1747.08101,5906.765853714285,7243.856329396667
2014-02-19,6782.931,103.46,2,2,1,50,8,7494.975996,7413.17698,9262.299,5343.77902,5965.384140857143,7308.323296063333
2014-02-20,5634.373,103.2,3,2,1,51,8,5631.581,5684.777,10658.405,5229.718,5863.663427142857,7225.677696063333
2014-02-21,6018.0306,102.53,4,2,1,52,8,7060.89,6527.8828,12342.9955,6024.07,5864.062284285714,7058.20996273
2014-02-22,6236.9529999999995,102.53,5,2,1,53,8,6569.446,6081.824998,9154.47502,5325.731,5715.082369999999,6847.377799396666
2014-02-23,2334.053,102.53,6,2,1,54,8,2770.94799,2393.5139994,11079.889104,5781.510002,5667.58337,6750.127065396667
2014-02-24,6140.983,103.17,0,2,1,55,9,5684.369000000001,5819.104,8688.380995,5426.989018,5605.169800000001,6458.599195263333
2014-02-25,5916.78798,102.2,1,2,1,56,9,6545.479,6135.15099,4675.985,2295.712,5670.400371428572,6373.685928763332
2014-02-26,6044.604,102.93,2,2,1,57,9,6782.931,7494.975996,9643.89702,5333.274984,5580.587368571428,6415.046028096666
2014-02-27,4832.924,102.68,3,2,1,58,9,5634.373,5631.581,8987.657,4710.27898,5475.112082857143,6295.069594096667
2014-02-28,6684.7386,102.88,4,2,1,59,9,6018.0306,7060.89,12354.5677,6054.942997,5360.619368571429,6156.578494096667
2014-03-01,8303.31698,102.88,5,3,1,60,9,6236.9529999999995,6569.446,8977.837,5009.69201,5455.8633685714285,5967.584190763333
2014-03-02,2341.381,102.88,6,3,1,61,9,2334.053,2770.94799,10591.1898,5940.556,5751.058222857143,5945.100190096667
2014-03-03,2960.415,105.34,0,3,1,62,10,6140.983,5684.369000000001,6642.345,5817.466999,5752.10508,5670.10656343
2014-03-04,3861.036,103.64,1,3,1,63,10,5916.78798,6545.479,2490.672988,2436.827,5297.738222857143,5547.3755634300005
2014-03-05,13222.915,101.75,2,3,1,64,10,6044.604,6782.931,6181.2740005000005,6094.491999,5004.059368571428,5593.054330496667
2014-03-06,10616.6151,101.82,3,3,1,65,10,4832.924,5634.373,5704.709001,4968.63401,6029.532368571429,5827.775697146667
2014-03-07,11837.09557,102.82,4,3,1,66,10,6684.7386,6018.0306,7413.17698,6845.5380000000005,6855.773954285714,5991.505900446666
2014-03-08,9916.469,102.82,5,3,1,67,10,8303.31698,6236.9529999999995,5684.777,5199.071,7591.824950000001,6138.969853446667
2014-03-09,5084.255,102.82,6,3,1,68,10,2341.381,2334.053,6527.8828,6010.675998,7822.275238571428,6280.0262534466665
2014-03-10,9983.393,101.39,0,3,1,69,11,2960.415,6140.983,6081.824998,5665.511,8214.114381428572,6231.90532678
2014-03-11,9595.985,100.29,1,3,1,70,11,3861.036,5916.78798,2393.5139994,2601.404,9217.396952857143,6361.957593513333
2014-03-12,13517.5385,98.29,2,3,1,71,11,13222.915,6044.604,5819.104,5504.89798,10036.675381428571,6602.0399602
2014-03-13,8686.63,98.57,3,3,1,72,11,10616.6151,4832.924,6135.15099,4965.085,10078.764452857142,6858.6544435333335
2014-03-14,10067.9343,99.23,4,3,1,73,11,11837.09557,6684.7386,7494.975996,6077.7760100000005,9803.052295714286,6943.7037438666675
2014-03-15,9029.67,99.23,5,3,1,74,11,9916.469,8303.31698,5631.581,4557.174,9550.314971428572,7029.469020666667
2014-03-16,5416.576,99.23,6,3,1,75,11,5084.255,2341.381,7060.89,5638.478,9423.629400000002,7142.738654
2014-03-17,10120.124,98.43,0,3,1,76,12,9983.393,2960.415,6569.446,5799.479,9471.10382857143,7087.928187333333
2014-03-18,9722.977,100.08,1,3,1,77,12,9595.985,3861.036,2770.94799,2258.610998,9490.636828571429,7206.284120666666
2014-03-19,11942.6265,100.71,2,3,1,78,12,13517.5385,13222.915,5684.369000000001,5161.345,9508.778542857142,7438.018421000001
2014-03-20,8595.955,99.68,3,3,1,79,12,8686.63,10616.6151,6545.479,4942.25201,9283.791114285714,7646.627004333333
2014-03-21,10828.4631,99.97,4,3,1,80,12,10067.9343,11837.09557,6782.931,6195.9220000000005,9270.837542857143,7714.976204333334
2014-03-22,10091.754,99.97,5,3,1,81,12,9029.67,9916.469,5634.373,5097.209,9379.484514285714,7849.827274333334
2014-03-23,4504.294005,99.97,6,3,1,82,12,5416.576,5084.255,6018.0306,5795.069,9531.2108,7998.406641
2014-03-24,9187.036,100.05,0,3,1,83,13,10120.124,9983.393,6236.9529999999995,5518.5960000000005,9400.884800714286,7947.9487545
2014-03-25,9468.111,99.66,1,3,1,84,13,9722.977,9595.985,2334.053,2056.88,9267.586515,8046.2848545
2014-03-26,11996.316,100.61,2,3,1,85,13,11942.6265,13517.5385,6140.983,5233.41299,9231.177086428572,8284.086787833334
2014-03-27,8356.738,101.25,3,3,1,86,13,8595.955,8686.63,5916.78798,4812.276,9238.847015000001,8479.264554500001
2014-03-28,10277.430836,101.73,4,3,1,87,13,10828.4631,10067.9343,6044.604,6387.455,9204.673157857143,8560.596221833333
2014-03-29,10258.32,101.73,5,3,1,88,13,10091.754,9029.67,4832.924,5686.706,9125.954263,8701.6904497
2014-03-30,4553.45799,101.73,6,3,1,89,13,4504.294005,5416.576,6684.7386,2001.729,9149.749405857143,8882.536983033333
2014-03-31,9569.716002,101.57,0,3,1,90,14,9187.036,10120.124,8303.31698,4353.33,9156.772832285715,8811.494296033334
2014-04-01,7030.401,99.69,1,4,2,91,14,9468.111,9722.977,2341.381,2042.369,9211.441404,8853.707596766668
2014-04-02,7734.189,99.6,2,4,2,92,14,11996.316,11942.6265,2960.415,6144.881,8863.197118285714,9010.008263433334
2014-04-03,5534.842001,100.29,3,4,2,93,14,8356.738,8595.955,3861.036,5774.184999,8254.321832571428,9169.134063433332
2014-04-04,7955.9678,101.16,4,4,2,94,14,10277.430836,10828.4631,13222.915,7074.953,7851.193832714285,9224.9275968
2014-04-05,6592.68202,101.16,5,4,2,95,14,10258.32,10091.754,10616.6151,4896.498,7519.556256142858,9049.362690133332
2014-04-06,3121.13,101.16,6,4,2,96,14,4553.45799,4504.294005,11837.09557,6304.927,6995.893687571429,8915.231587466667
2014-04-07,6745.32398,100.43,0,4,2,97,15,9569.716002,9187.036,9916.469,5594.088,6791.275403285714,8624.6994018
2014-04-08,5399.66002,102.57,1,4,2,98,15,7030.401,9468.111,5084.255,2363.7399995,6387.790828714286,8518.9945678
2014-04-09,7089.189,103.55,2,4,2,99,15,7734.189,11996.316,9983.393,5378.179999999999,6154.827831571429,8529.508068466668
2014-04-10,5723.5229899999995,103.37,3,4,2,100,15,5534.842001,8356.738,9595.985,4803.334964,6062.684974428572,8433.0346018
2014-04-11,6603.9281,103.68,4,4,2,101,15,7955.9678,10277.430836,13517.5385,6835.487,6089.639401428572,8303.952534799999
2014-04-12,6133.685,103.68,5,4,2,102,15,6592.68202,10258.32,8686.63,4701.459,5896.490872857142,8073.498854799999
2014-04-13,2462.79199,103.68,6,4,2,103,15,3121.13,4553.45799,10067.9343,6212.33,5830.91987,7988.4006881333335
2014-04-14,5778.303,104.05,0,4,2,104,16,6745.32398,9569.716002,9029.67,5493.952,5736.871582857143,7734.895944466667
2014-04-15,5928.375,103.7,1,4,2,105,16,5399.66002,7030.401,5416.576,2209.921008,5598.725728571429,7626.517044466667
2014-04-16,7022.8,103.71,2,4,2,106,16,7089.189,7734.189,10120.124,5462.558,5674.256439999999,7643.577011133334
2014-04-17,5588.881998,104.33,3,4,2,107,16,5723.5229899999995,5534.842001,9722.977,5367.81,5664.7722971428575,7540.3328778000005
2014-04-18,2998.201899,104.33,4,4,2,108,16,6603.9281,7955.9678,11942.6265,6207.2429999999995,5645.537869714286,7402.529711066667
2014-04-19,4332.51,104.33,5,4,2,109,16,6133.685,6592.68202,8595.955,5004.652996,5130.434126714286,7104.382224366666
2014-04-20,2432.984004,104.33,6,4,2,110,16,2462.79199,3121.13,10828.4631,5339.899,4873.123412428571,6962.267391033333
2014-04-21,6201.18003,104.35,0,4,2,111,17,5778.303,6745.32398,10091.754,5759.571,4868.865128714286,6682.418087833333
2014-04-22,5553.08,101.69,1,4,2,112,17,5928.375,5399.66002,4504.294005,2449.2799999999997,4929.276133,6552.732288833334
2014-04-23,8424.759,101.47,2,4,2,113,17,7022.8,7089.189,9187.036,5504.771,4875.662561571428,6587.691822
2014-04-24,5813.087,102.2,3,4,2,114,17,5588.881998,5723.5229899999995,9468.111,5085.243,5075.942418714286,6562.282588666667
2014-04-25,7112.4723,100.85,4,4,2,115,17,2998.201899,6603.9281,11996.316,7112.197,5107.971704714286,6440.448455333333
2014-04-26,6384.50499,100.85,5,4,2,116,17,4332.51,6133.685,8356.738,4722.563002,5695.724619142857,6277.653665333332
2014-04-27,2369.78,100.85,6,4,2,117,17,2432.984004,2462.79199,10277.430836,6316.556,5988.866760571428,6211.9125650000005
2014-04-28,5777.804,101.13,0,4,2,118,18,6201.18003,5778.303,10258.32,5334.13899,5979.837617142858,5948.3242038
2014-04-29,5882.332,101.56,1,4,2,119,18,5553.08,5928.375,4553.45799,2427.34,5919.355327142856,5798.9736704666675
2014-04-30,7410.025009999999,100.07,2,4,2,120,18,8424.759,7022.8,9569.716002,4488.657,5966.391327142858,5843.2694708
2014-05-01,2569.481,99.69,3,5,2,121,18,5813.087,5588.881998,7030.401,5478.078,5821.429328571429,5771.279771066667
2014-05-02,7872.43686,100.09,4,5,2,122,18,7112.4723,2998.201899,7734.189,2677.930005,5358.057042857143,5622.582437733334
2014-05-03,7047.21,100.09,5,5,2,123,18,6384.50499,4332.51,5534.842001,5648.427,5466.623408571429,5627.190699733333
2014-05-04,2688.856,100.09,6,5,2,124,18,2369.78,2432.984004,7955.9678,7051.153003,5561.295552857142,5677.602966366667
2014-05-05,4868.707999,99.74,0,5,2,125,19,5777.804,6201.18003,6592.68202,5797.93698,5606.877838571428,5502.0325730333325
2014-05-06,7284.11498,99.81,1,5,2,126,19,5882.332,5553.08,3121.13,2723.904,5477.0069812857155,5444.566772333333
2014-05-07,7393.54402,101.06,2,5,2,127,19,7410.025009999999,8424.759,6745.32398,5813.939,5677.261692714286,5583.332938333334
2014-05-08,5546.6849999999995,100.52,3,5,2,128,19,2569.481,5813.087,5399.66002,5586.959,5674.907265571428,5604.940273
2014-05-09,7596.6694,100.32,4,5,2,129,19,7872.43686,7112.4723,7089.189,6351.424000999999,6100.222122714286,5609.841105666667
2014-05-10,7075.71698,100.32,5,5,2,130,19,7047.21,6384.50499,5723.5229899999995,5049.362,6060.826771285714,5626.757119
2014-05-11,2383.417004,100.32,6,5,2,131,19,2688.856,2369.78,6603.9281,6135.394,6064.899197,5671.830252
2014-05-12,6006.81502,100.89,0,5,2,132,20,4868.707999,5777.804,6133.685,6289.375,6021.265054714286,5531.1465488
2014-05-13,6703.55,102.01,1,5,2,133,20,7284.11498,5882.332,2462.79199,1904.553,6183.851772000001,5526.917549466666
2014-05-14,6556.992,102.63,2,5,2,134,20,7393.54402,7410.025009999999,5778.303,5637.614,6100.913917714286,5668.2761498
2014-05-15,5704.361,101.74,3,5,2,135,20,5546.6849999999995,2569.481,5928.375,5528.375005,5981.406486285714,5694.2324498
2014-05-16,7313.1204,102.31,4,5,2,136,20,7596.6694,7872.43686,7022.8,5901.738,6003.931629142857,5686.765316466667
2014-05-17,6081.558994,102.31,5,5,2,137,20,7075.71698,7047.21,5588.881998,5459.329,5963.424629142857,5696.442663133333
2014-05-18,2589.567999,102.31,6,5,2,138,20,2383.417004,2688.856,2998.201899,6021.054,5821.402059714286,5712.865229666667
2014-05-19,6796.845,102.95,0,5,2,139,21,6006.81502,4868.707999,4332.51,5681.288,5850.852201857143,5699.244099666667
2014-05-20,6606.284984,102.8,1,5,2,140,21,6703.55,7284.11498,2432.984004,2037.13201,5963.713627571429,5781.388599666667
2014-05-21,6795.899,104.31,2,5,2,141,21,6556.992,7393.54402,6201.18003,5221.561,5949.818625285714,5920.498632333333
2014-05-22,5706.399004,104.03,3,5,2,142,21,5704.361,5546.6849999999995,5553.08,4932.974,5983.9481967142865,5940.322598
2014-05-23,6328.5587000000005,105.01,4,5,2,143,21,7313.1204,7596.6694,8424.759,5896.853,5984.239340142857,5945.433231466667
2014-05-24,6006.517,105.01,5,5,2,144,21,6081.558994,7075.71698,5813.087,5426.115,5843.587668714286,5875.5598881333335
2014-05-25,2395.622,105.01,6,5,2,145,21,2589.567999,2383.417004,7112.4723,2195.219,5832.867383857143,5882.0075548
2014-05-26,6066.194001,105.01,0,5,2,146,22,6796.845,6006.81502,6384.50499,4255.778004,5805.160812571428,5724.779211466667
2014-05-27,4984.334999,104.78,1,5,2,147,22,6606.284984,6703.55,2369.78,1621.783,5700.782098428571,5714.168845166667
2014-05-28,6934.918,103.37,2,5,2,148,22,6795.899,6556.992,5777.804,5194.109,5469.074957714286,5801.320678466667
2014-05-29,5247.004,104.26,3,5,2,149,22,5706.399004,5704.361,5882.332,5133.556996,5488.934814857143,5839.891145133332
2014-05-30,8215.244200000001,103.4,4,5,2,150,22,6328.5587000000005,7313.1204,7410.025009999999,6685.573,5423.306957142857,5818.713545133333
2014-05-31,6041.625995,103.4,5,5,2,151,22,6006.517,6081.558994,2569.481,4949.255,5692.833457142857,5845.554184799999
2014-06-01,2802.719,103.4,6,6,2,152,22,2395.622,2589.567999,7872.43686,6155.988,5697.849027857143,5961.2923513
2014-06-02,7120.854999,103.07,0,6,2,153,23,6066.194001,6796.845,7047.21,6180.505,5756.005742142856,5792.301755966667
2014-06-03,6652.41298,103.34,1,6,2,154,23,4984.334999,6606.284984,2688.856,1729.61,5906.671599,5794.756589266667
2014-06-04,7473.020005,103.27,2,6,2,155,23,6934.918,6795.899,4868.707999,6302.145,6144.968453428572,5926.875155266667
2014-06-05,6036.6959990000005,103.17,3,6,2,156,23,5247.004,5706.399004,7284.11498,5893.591,6221.840168428572,6013.685555466667
2014-06-06,7853.17813,103.32,4,6,2,157,23,8215.244200000001,6328.5587000000005,7393.54402,7261.88,6334.653311142858,5972.104922766666
2014-06-07,6007.947001,103.32,5,6,2,158,23,6041.625995,6006.517,5546.6849999999995,5565.632001,6282.9295868571435,5987.426059766667
2014-06-08,2214.503996,103.32,6,6,2,159,23,2802.719,2395.622,7596.6694,6704.611,6278.118302000001,6002.8014598
2014-06-09,6228.62,105.09,0,6,2,160,24,7120.854999,6066.194001,7075.71698,5537.825,6194.087587142858,5823.395946333333
2014-06-10,5886.0440100000005,105.02,1,6,2,161,24,6652.41298,4984.334999,2383.417004,2331.649,6066.625444428571,5795.159380333334
2014-06-11,7314.068,105.04,2,6,2,162,24,7473.020005,6934.918,6006.81502,5703.609,5957.144163,5911.913613866666
2014-06-12,5485.53602,107.2,3,6,2,163,24,6036.6959990000005,5247.004,6703.55,5368.142,5934.436733714286,5955.488713199999
2014-06-13,7256.3383,107.49,4,6,2,164,24,7853.17813,8215.244200000001,6556.992,6200.09799,5855.699593857143,5914.8882472
2014-06-14,7185.759,107.49,5,6,2,165,24,6007.947001,6041.625995,5704.361,4737.133,5770.436760999999,5938.199790533333
2014-06-15,1755.367,107.49,6,6,2,166,24,2214.503996,2802.719,7313.1204,6056.953,5938.695618,5987.579723866666
2014-06-16,6469.287,107.52,0,6,2,167,25,6228.62,7120.854999,6081.558994,5452.68601,5873.104618571429,5802.3212772
2014-06-17,5810.603,106.95,1,6,2,168,25,5886.0440100000005,6652.41298,2589.567999,1983.074,5907.485618571429,5815.245544066666
2014-06-18,6563.048,106.64,2,6,2,169,25,7314.068,7473.020005,6796.845,5964.64102,5896.708331428571,5922.613377433333
2014-06-19,5595.294,107.08,3,6,2,170,25,5485.53602,6036.6959990000005,6606.284984,5096.6050000000005,5789.41976,5914.8201441
2014-06-20,8202.7465,107.95,4,6,2,171,25,7256.3383,7853.17813,6795.899,6747.888002,5805.099471428571,5881.120444633333
2014-06-21,6671.712,107.95,5,6,2,172,25,7185.759,6007.947001,5706.399004,4725.838,5940.300642857143,5928.0153613
2014-06-22,2449.529,107.95,6,6,2,173,25,1755.367,2214.503996,6328.5587000000005,5608.436,5866.865357142857,5960.192461166666
2014-06-23,6320.216001,106.83,0,6,2,174,26,6469.287,6228.62,6006.517,5257.657,5966.031357142857,5830.891471166667
2014-06-24,5659.71398,106.64,1,6,2,175,26,5810.603,5886.0440100000005,2395.622,2207.966,5944.735500142858,5841.348104533333
2014-06-25,6971.182002,107.04,2,6,2,176,26,6563.048,7314.068,6066.194001,5225.463,5923.179925857143,5950.151170533333
2014-06-26,6012.036,106.49,3,6,2,177,26,5595.294,5485.53602,4984.334999,5698.107,5981.484783285713,5980.317437233333
2014-06-27,8100.3635,106.46,4,6,2,178,26,8202.7465,7256.3383,6934.918,5962.694,6041.019354714286,6014.574137266666
2014-06-28,6084.97498,106.46,5,6,2,179,26,6671.712,7185.759,5247.004,4822.808,6026.393211857144,6053.422320600001
2014-06-29,2416.7680035,106.46,6,6,2,180,26,2449.529,1755.367,8215.244200000001,6044.440996,5942.573637571429,6081.3546866
2014-06-30,5970.379,106.07,0,6,2,181,27,6320.216001,6469.287,6041.625995,5525.23898,5937.893495214286,5888.072146716668
2014-07-01,9649.17298,106.06,1,7,3,182,27,5659.71398,5810.603,2802.719,2154.501,5887.916780785714,5885.697246883333
2014-07-02,14812.346,105.18,2,7,3,183,27,6971.182002,6563.048,7120.854999,5837.525,6457.839495071428,6113.91237955
2014-07-03,9593.2990002,104.76,3,7,3,184,27,6012.036,5595.294,6652.41298,5787.7119999999995,7578.005780499999,6370.295412916666
2014-07-04,11822.021,104.76,4,7,3,185,27,8100.3635,8202.7465,7473.020005,6671.413,8089.614780528571,6468.324946923332
2014-07-05,8368.502,104.76,5,7,3,186,27,6084.97498,6671.712,6036.6959990000005,5126.38599,8621.280137671429,6613.2916467566665
2014-07-06,4429.332996,104.76,6,7,3,187,27,2416.7680035,2449.529,7853.17813,5998.664,8947.498283385714,6691.018513456667
2014-07-07,10168.345014,104.19,0,7,3,188,28,5970.379,6320.216001,6007.947001,5157.274,9235.007568028572,6576.890342323332
2014-07-08,9100.60298,104.06,1,7,3,189,28,9649.17298,5659.71398,2214.503996,2257.248003,9834.716998600003,6715.57027609
2014-07-09,12147.941,102.93,2,7,3,190,28,14812.346,6971.182002,6228.62,5785.948999,9756.349855742857,6945.10690889
2014-07-10,9155.299999,103.61,3,7,3,191,28,9593.2990002,6012.036,5886.0440100000005,5276.898,9375.720570028572,7142.417608889999
2014-07-11,10780.602,101.48,4,7,3,192,28,11822.021,8100.3635,7314.068,6142.587998999999,9313.149284142857,7251.392808523334
2014-07-12,9308.512,101.48,5,7,3,193,28,8368.502,6084.97498,5485.53602,4929.228,9164.375141285715,7366.943941856666
2014-07-13,4499.20999,101.48,6,7,3,194,28,4429.332996,2416.7680035,7256.3383,5600.981,9298.662284142858,7494.376474523334
2014-07-14,9980.273,101.73,0,7,3,195,29,10168.345014,5970.379,7185.759,5136.321001,9308.644711857143,7402.472197523334
2014-07-15,9225.376,100.56,1,7,3,196,29,9100.60298,9649.17298,1755.367,1841.979,9281.777281285715,7495.62266419
2014-07-16,11970.10502,101.88,2,7,3,197,29,12147.941,14812.346,6469.287,5314.50201,9299.601998428572,7744.622964190001
2014-07-17,8708.171,103.84,3,7,3,198,29,9155.299999,9593.2990002,5810.603,5756.529,9274.196858428571,7927.983564856667
2014-07-18,10811.153,103.83,4,7,3,199,29,10780.602,11822.021,6563.048,5843.33001,9210.321287142857,8024.569164856667
2014-07-19,9713.058,103.83,5,7,3,200,29,9308.512,8368.502,5595.294,4763.806,9214.685715714286,8166.172664856666
2014-07-20,3792.860001,103.83,6,7,3,201,29,4499.20999,4429.332996,8202.7465,6212.646,9272.478001428573,8303.431464856667
2014-07-21,10118.514005,105.34,0,7,3,202,30,9980.273,10168.345014,6671.712,5084.118001,9171.570860142858,8156.4352482233335
2014-07-22,9679.421001,104.59,1,7,3,203,30,9225.376,9100.60298,2449.529,1905.67,9191.319575142858,8271.32864839
2014-07-23,11188.520009,103.81,2,7,3,204,30,11970.10502,12147.941,6320.216001,5047.601,9256.183146714286,8512.325048423334
2014-07-24,8615.948,102.76,3,7,3,205,30,8708.171,9155.299999,5659.71398,5644.173,9144.528145142858,8674.601848690001
2014-07-25,10000.73,105.23,4,7,3,206,30,10811.153,10780.602,6971.182002,5855.491,9131.353430857143,8773.142982690002
2014-07-26,8792.46503,105.23,5,7,3,207,30,9713.058,9308.512,6012.036,5112.657,9015.57871657143,8874.127915956666
2014-07-27,3780.808,105.23,6,7,3,208,30,3792.860001,4499.20999,8100.3635,5635.064,8884.065435142857,8966.808883623335
2014-07-28,9018.717,105.68,0,7,3,209,31,10118.514005,9980.273,6084.97498,5003.337001,8882.343720714285,8822.82370029
2014-07-29,9249.057,104.91,1,7,3,210,31,9679.421001,9225.376,2416.7680035,1795.154,8725.229862857143,8920.615100956667
2014-07-30,10970.33899,104.29,2,7,3,211,31,11188.520009,11970.10502,5970.379,5769.125,8663.749291285714,9148.358067506666
2014-07-31,9305.559,98.23,3,7,3,212,31,8615.948,8708.171,9649.17298,4467.499,8632.580574285714,9315.023400506667
2014-08-01,7806.689,97.86,4,8,3,213,31,10000.73,10811.153,14812.346,5996.349999999999,8731.096431428572,9303.569601173334
2014-08-02,6057.59,97.86,5,8,3,214,31,8792.46503,9713.058,9593.2990002,6136.8730000000005,8417.662002857143,9070.047701173335
2014-08-03,2353.722,97.86,6,8,3,215,31,3780.808,3792.860001,11822.021,5517.759,8026.96557,8952.1907345
2014-08-04,6894.018,98.26,0,8,3,216,32,9018.717,10118.514005,8368.502,5394.977,7823.096141428571,8636.580767833333
2014-08-05,6034.11,97.34,1,8,3,217,32,9249.057,9679.421001,4429.332996,1837.975005,7519.567712857143,8587.431301166665
2014-08-06,6307.939,96.93,2,8,3,218,32,10970.33899,11188.520009,10168.345014,5594.295,7060.28957,8640.923867966667
2014-08-07,5208.132,97.34,3,8,3,219,32,9305.559,8615.948,9100.60298,5130.626,6394.2324285714285,8512.243667499999
2014-08-08,7653.309,97.61,4,8,3,220,32,7806.689,10000.73,12147.941,5952.391,5808.885714285714,8382.494634833334
2014-08-09,5666.582999,97.61,5,8,3,221,32,6057.59,8792.46503,9155.299999,4739.294,5786.9742857142855,8232.673568166667
2014-08-10,2320.304,97.61,6,8,3,222,32,2353.722,3780.808,10780.602,5630.461,5731.116142714285,8116.3830015
2014-08-11,6019.558,98.09,0,8,3,223,33,6894.018,9018.717,9308.512,3537.348996,5726.342142714287,7834.373068166667
2014-08-12,5236.424,97.36,1,8,3,224,33,6034.11,9249.057,4499.20999,1862.6440003,5601.419285571428,7724.7412681666665
2014-08-13,7177.144,97.57,2,8,3,225,33,6307.939,10970.33899,9980.273,5528.931,5487.464142714285,7749.3150685
2014-08-14,5829.916001,95.54,3,8,3,226,33,5208.132,9305.559,9225.376,4613.631,5611.636285571428,7655.877435166667
2014-08-15,6912.125999999999,97.3,4,8,3,227,33,7653.309,7806.689,11970.10502,5701.057,5700.462571428571,7542.6954352
2014-08-16,5782.00302,97.3,5,8,3,228,33,5666.582999,6057.59,8708.171,4974.404,5594.579285714286,7374.0961345333335
2014-08-17,2488.339,97.3,6,8,3,229,33,2320.304,2353.722,10811.153,5719.50098,5611.067860142857,7276.557201866667
2014-08-18,5838.877999,96.44,0,8,3,230,34,6019.558,6894.018,9713.058,4919.993996,5635.072860142856,6999.130068533334
2014-08-19,5242.299,94.35,1,8,3,231,34,5236.424,6034.11,3792.860001,1843.36,5609.261431428572,6869.990735166666
2014-08-20,6880.6880200000005,96.4,2,8,3,232,34,7177.144,6307.939,10118.514005,5127.269,5610.100717142857,6918.305368466667
2014-08-21,6034.2660000000005,93.97,3,8,3,233,34,5829.916001,5208.132,9679.421001,4658.069996,5567.749862857143,6810.377835633333
2014-08-22,6924.622,93.61,4,8,3,234,34,6912.125999999999,7653.309,11188.520009,5531.862,5596.942719857144,6688.872668933333
2014-08-23,5699.918999,93.61,5,8,3,235,34,5782.00302,5666.582999,8615.948,4568.639,5598.727862714286,6546.7427353
2014-08-24,2299.636,93.61,6,8,3,236,34,2488.339,2320.304,10000.73,5678.172998,5587.001574000001,6449.5417686
2014-08-25,5579.97,95.39,0,8,3,237,35,5838.877999,6019.558,8792.46503,4615.946,5560.044002571429,6192.838635266667
2014-08-26,5542.154,95.78,1,8,3,238,35,5242.299,5236.424,3780.808,2079.300996,5523.057145571429,6085.7554676
2014-08-27,6601.723,95.82,2,8,3,239,35,6880.6880200000005,7177.144,9018.717,5323.87,5565.893574142858,6144.467000933333
2014-08-28,4860.695,96.44,3,8,3,240,35,6034.2660000000005,5829.916001,9249.057,5163.91099,5526.041428428572,6063.900534266667
2014-08-29,7610.318998,97.86,4,8,3,241,35,6924.622,6912.125999999999,10970.33899,5864.235,5358.388428428572,5917.621800933334
2014-08-30,6532.2300000000005,97.86,5,8,3,242,35,5699.918999,5782.00302,9305.559,4654.188,5456.345142428572,5805.621134533333
2014-08-31,2912.434,97.86,6,8,3,243,35,2299.636,2488.339,7806.689,5969.395,5575.246714,5713.176834533334
2014-09-01,10969.092,97.86,0,9,3,244,36,5579.97,5838.877999,6057.59,5312.932,5662.789285428572,5550.0350012
2014-09-02,10751.012,92.92,1,9,3,245,36,5542.154,5242.299,2353.722,2604.8160000000003,6432.6638568571425,5713.751734533334
2014-09-03,12646.868,95.5,2,9,3,246,36,6601.723,6880.6880200000005,6894.018,5619.513,7176.786428285714,5993.6614012
2014-09-04,8847.568004,94.51,3,9,3,247,36,4860.695,6034.2660000000005,6034.11,5457.1720000000005,8040.378571142857,6185.423067866667
2014-09-05,11518.21403,93.32,4,9,3,248,36,7610.318998,6924.622,6307.939,6430.77699,8609.931857428572,6279.205001333334
2014-09-06,10191.576,93.32,5,9,3,249,36,6532.2300000000005,5699.918999,5208.132,5171.70902,9168.202576285714,6452.880835666668
2014-09-07,4787.518,93.32,6,9,3,250,36,2912.434,2299.636,7653.309,6155.6130299999995,9690.96629057143,6618.995635666667
2014-09-08,10839.942999,92.64,0,9,3,251,37,10969.092,5579.97,5666.582999,5474.835,9958.83543342857,6523.469268999999
2014-09-09,10222.208,92.73,1,9,3,252,37,10751.012,5542.154,2320.304,2208.753004,9940.385576142857,6695.914602333332
2014-09-10,12134.201,91.71,2,9,3,253,37,12646.868,6601.723,6019.558,5344.079000000001,9864.84214757143,6959.311402333334
2014-09-11,9783.738996,92.89,3,9,3,254,37,8847.568004,4860.695,5236.424,4829.3150000000005,9791.604004714285,7163.132835666666
2014-09-12,10121.306,92.18,4,9,3,255,37,11518.21403,7610.318998,7177.144,6098.9039999999995,9925.342717857142,7314.7100021999995
2014-09-13,9576.454,92.18,5,9,3,256,37,10191.576,6532.2300000000005,5829.916001,5374.129,9725.784427857143,7412.848735533334
2014-09-14,5032.4210005,92.18,6,9,3,257,37,4787.518,2912.434,6912.125999999999,5906.79599,9637.90985642857,7537.7333355
2014-09-15,9379.699,92.86,0,9,3,258,38,10839.942999,10969.092,5782.00302,5351.597,9672.895999357143,7475.076502183334
2014-09-16,9769.906,94.91,1,9,3,259,38,10222.208,10751.012,2488.339,2554.649004,9464.289713785713,7594.999701516667
2014-09-17,12013.201995,94.33,2,9,3,260,38,12134.201,12646.868,5838.877999,6000.15899,9399.675142357142,7837.718601516666
2014-09-18,8527.191,93.07,3,9,3,261,38,9783.738996,8847.568004,5242.299,5010.839,9382.389570214287,8043.529401383334
2014-09-19,10086.329,92.43,4,9,3,262,38,10121.306,11518.21403,6880.6880200000005,5642.8009999999995,9202.882713642857,8153.025801383334
2014-09-20,10740.699999,92.43,5,9,3,263,38,9576.454,10191.576,6034.2660000000005,5064.11799,9197.885999357144,8259.880500716667
2014-09-21,4808.599001,92.43,6,9,3,264,38,5032.4210005,4787.518,6924.622,5621.10698,9364.206856357143,8416.761634016666
2014-09-22,8939.85,91.46,0,9,3,265,39,9379.699,10839.942999,5699.918999,5573.482,9332.232285,8346.22753405
2014-09-23,9219.73699,91.55,1,9,3,266,39,9769.906,10222.208,2299.636,2216.21,9269.396713571428,8454.225234083333
2014-09-24,12576.187,93.6,2,9,3,267,39,12013.201995,12134.201,5579.97,5487.169,9190.801140714286,8684.895267083333
2014-09-25,9321.836001,93.59,3,9,3,268,39,8527.191,9783.738996,5542.154,5622.482002,9271.227570000001,8918.102500416666
2014-09-26,9878.165996,95.55,4,9,3,269,39,10086.329,10121.306,6601.723,6198.481,9384.748284428571,9044.09190045
2014-09-27,10779.00199,95.55,5,9,3,270,39,10740.699999,9576.454,4860.695,5245.918,9355.010712428571,9153.306666983333
2014-09-28,4752.113,95.55,6,9,3,271,39,4808.599001,5032.4210005,7610.318998,6130.22,9360.482425428572,9350.583566649999
2014-09-29,9997.416,94.53,0,9,3,272,40,8939.85,9379.699,6532.2300000000005,5268.831,9352.412996714285,9255.310033383334
2014-09-30,9332.828,91.17,1,9,3,273,40,9219.73699,9769.906,2912.434,2694.199,9503.493853857142,9370.816233383335
2014-10-01,14093.202,90.74,2,10,4,274,40,12576.187,12013.201995,10969.092,5716.80702,9519.64971242857,9584.829366716667
2014-10-02,10415.538,91.02,3,10,4,275,40,9321.836001,8527.191,10751.012,6542.956,9736.366141,9688.966366716666
2014-10-03,12998.612017,89.76,4,10,4,276,40,9878.165996,10086.329,12646.868,7378.66,9892.609283714284,9677.78390005
2014-10-04,11982.685,89.76,5,10,4,277,40,10779.00199,10740.699999,8847.568004,5434.25602,10338.387286714287,9689.508700616665
2014-10-05,4996.582,89.76,6,10,4,278,40,4752.113,4808.599001,11518.21403,6844.98,10510.342002428572,9794.012600483333
2014-10-06,9985.157,90.33,0,10,4,279,41,9997.416,8939.85,10191.576,5555.94802,10545.266145285714,9576.624866150001
2014-10-07,9149.682,88.89,1,10,4,280,41,9332.828,9219.73699,4787.518,2523.411,10543.514859571429,9569.744232816667
2014-10-08,12656.043,87.29,2,10,4,281,41,14093.202,12576.187,10839.942999,5765.59299,10517.351145285715,9715.149699483332
2014-10-09,9144.302,85.76,3,10,4,282,41,10415.538,9321.836001,10222.208,5732.352,10312.042716714286,9775.686366183334
2014-10-10,5455.48,85.87,4,10,4,283,41,12998.612017,9878.165996,12134.201,6104.3669899999995,10130.437573857142,9739.756166183332
2014-10-11,8605.298,85.87,5,10,4,284,41,11982.685,10779.00199,9783.738996,5369.694,9052.847285714286,9517.13213285
2014-10-12,4161.074,85.87,6,10,4,285,41,4996.582,4752.113,10121.306,4216.15304,8570.363428571427,9477.850766316667
2014-10-13,9958.743,85.73,0,10,4,286,42,9985.157,9997.416,9576.454,4028.236,8451.005142857142,9279.176366316668
2014-10-14,10530.82402,81.72,1,10,4,287,42,9149.682,9332.828,5032.4210005,2329.071,8447.231714285715,9291.919332983332
2014-10-15,12210.3065,81.82,2,10,4,288,42,12656.043,14093.202,9379.699,5285.17,8644.537717142857,9475.199433633334
2014-10-16,9387.887,82.33,3,10,4,289,42,9144.302,10415.538,9769.906,5423.21,8580.861074285714,9569.553016966667
2014-10-17,10479.597,82.8,4,10,4,290,42,5455.48,12998.612017,12013.201995,6121.037,8615.658931428572,9556.819050299999
2014-10-18,11063.902,82.8,5,10,4,291,42,8605.298,11982.685,8527.191,5657.76498,9333.389931428572,9505.698883800002
2014-10-19,5440.934,82.8,6,10,4,292,42,4161.074,4996.582,10086.329,6565.253,9684.619074285714,9590.255917133332
2014-10-20,9833.982,82.76,0,10,4,293,43,9958.743,9985.157,10740.699999,5723.31102,9867.456217142857,9435.409417133335
2014-10-21,8768.161,83.25,1,10,4,294,43,10530.82402,9149.682,4808.599001,2550.309995,9849.633217142857,9405.185483833333
2014-10-22,12626.88498,80.52,2,10,4,295,43,12210.3065,12656.043,8939.85,5879.459,9597.824214285714,9537.1708838
2014-10-23,8583.776996,82.81,3,10,4,296,43,9387.887,9144.302,9219.73699,5429.208,9657.335425714287,9660.0720498
2014-10-24,10218.456004,81.27,4,10,4,297,43,10479.597,5455.48,12576.187,6429.41099,9542.462568,9638.873383333334
2014-10-25,9671.527005,81.27,5,10,4,298,43,11063.902,8605.298,9321.836001,4811.803004,9505.156711428572,9560.282350133331
2014-10-26,5161.1,81.27,6,10,4,299,43,5440.934,4161.074,9878.165996,6262.030001,9306.245997857142,9571.938716933333
2014-10-27,10133.547998,81.26,0,10,4,300,44,9833.982,9958.743,10779.00199,5558.935,9266.26971214286,9414.703183733332
2014-10-28,8414.216,81.36,1,10,4,301,44,8768.161,10530.82402,4752.113,2676.07501,9309.064854714286,9393.188050666668
2014-10-29,12226.11198,82.25,2,10,4,302,44,12626.88498,12210.3065,9997.416,5494.163,9258.501283285714,9515.258150666667
2014-10-30,9255.495,81.06,3,10,4,303,44,8583.776996,9387.887,9332.828,5739.276,9201.247997571429,9589.548016666666
2014-10-31,11131.58,80.53,4,10,4,304,44,10218.456004,10479.597,14093.202,5845.980006,9297.207712428572,9586.97025
2014-11-01,7928.994000000001,80.53,5,11,4,305,44,9671.527005,11063.902,10415.538,5137.648,9427.653997571428,9488.249516666667
2014-11-02,3242.056,80.53,6,11,4,306,44,5161.1,5440.934,12998.612017,7045.107,9178.720711142858,9405.364716666667
2014-11-03,4472.1199990000005,78.77,0,11,4,307,45,10133.547998,9833.982,11982.685,5140.715,8904.571568285714,9080.146182766668
2014-11-04,10387.528,77.15,1,11,4,308,45,8414.216,8768.161,4996.582,2613.706001,8095.796139857143,8829.794016066668
2014-11-05,14717.784,78.71,2,11,4,309,45,12226.11198,12626.88498,9985.157,5930.201,8377.697854142858,9009.492216066667
2014-11-06,9689.043,77.87,3,11,4,310,45,9255.495,8583.776996,9149.682,6376.740004,8733.650999857144,9167.2464494
2014-11-07,10642.417998,78.71,4,11,4,311,45,11131.58,10218.456004,12656.043,6596.109,8795.586428428573,9185.225149400001
2014-11-08,10069.003,78.71,5,11,4,312,45,7928.994000000001,9671.527005,9144.302,5574.360001,8725.706142428571,9118.104316
2014-11-09,4750.965998000001,78.71,6,11,4,313,45,3242.056,5161.1,5455.48,7560.176,9031.421713857142,9148.927682666666
2014-11-10,9189.821,77.43,0,11,4,314,46,4472.1199990000005,10133.547998,8605.298,5711.29,9246.980285000001,9125.4438826
2014-11-11,9717.118,77.85,1,11,4,315,46,10387.528,8414.216,4161.074,2787.438,9920.937570857142,9144.9279826
2014-11-12,12185.867,77.16,2,11,4,316,46,14717.784,12226.11198,9958.743,5828.91598,9825.164713714286,9330.129449266668
2014-11-13,9262.553009,74.13,3,11,4,317,46,9689.043,9255.495,10530.82402,5235.32,9463.462285142858,9404.366915933333
2014-11-14,9809.377,75.91,4,11,4,318,46,10642.417998,11131.58,12210.3065,7397.795,9402.535143571427,9362.091215566668
2014-11-15,10471.291,75.91,5,11,4,319,46,10069.003,7928.994000000001,9387.887,5834.099,9283.529286714285,9282.060232233334
2014-11-16,5420.276,75.91,6,11,4,320,46,4750.965998000001,3242.056,10479.597,6829.481,9340.999001,9318.173698900002
2014-11-17,10206.562999,75.64,0,11,4,321,47,9189.821,4472.1199990000005,11063.902,5812.263,9436.614715571428,9149.529665566666
2014-11-18,10905.223,74.55,1,11,4,322,47,9717.118,10387.528,5440.934,2389.143,9581.863572571428,9120.951698866667
2014-11-19,12583.195,74.55,2,11,4,323,47,12185.867,14717.784,9833.982,6396.04003,9751.592858285714,9303.094665533334
2014-11-20,9345.748,75.63,3,11,4,324,47,9262.553009,9689.043,8768.161,6475.073999,9808.354001142858,9394.735098866666
2014-11-21,10196.284996,76.52,4,11,4,325,47,9809.377,10642.417998,12626.88498,7099.558,9820.238999857143,9413.987998866667
2014-11-22,10008.385,76.52,5,11,4,326,47,10471.291,10069.003,8583.776996,5481.0779999999995,9875.511570714285,9332.9679994
2014-11-23,5028.03899,76.52,6,11,4,327,47,5420.276,4750.965998000001,10218.456004,6937.855,9809.382142142857,9380.454932866669
2014-11-24,9546.543,75.74,0,11,4,328,48,10206.562999,9189.821,9671.527005,5538.412,9753.348283571428,9207.4410324
2014-11-25,9275.025995,74.04,1,11,4,329,48,10905.223,9717.118,5161.1,2329.674003,9659.059712285714,9203.274898900001
2014-11-26,13066.438002,73.7,2,11,4,330,48,12583.195,12185.867,10133.547998,6508.036,9426.174425857142,9340.405765399999
2014-11-27,8407.379011,73.7,3,11,4,331,48,9345.748,9262.553009,8414.216,5917.107,9495.209140428571,9438.168765533333
2014-11-28,10104.487,65.94,4,11,4,332,48,10196.284996,9809.377,12226.11198,6767.215,9361.156427714286,9437.9408659
2014-11-29,9693.379004,65.94,5,11,4,333,48,10008.385,10471.291,9255.495,5409.573,9348.042428285715,9367.220033233334
2014-11-30,4868.091998,65.94,6,11,4,334,48,5028.03899,5420.276,11131.58,6520.255,9303.041571714286,9381.8161667
2014-12-01,11009.652004,68.98,0,12,4,335,49,9546.543,10206.562999,7928.994000000001,6046.876,9280.192001428572,9173.0332333
2014-12-02,9985.882999,66.99,1,12,4,336,49,9275.025995,10905.223,3242.056,2846.616008,9489.207573428572,9275.721833433334
2014-12-03,13598.77,67.3,2,12,4,337,49,13066.438002,12583.195,4472.1199990000005,6691.943,9590.758574000001,9500.516066733333
2014-12-04,10817.062,66.73,3,12,4,338,49,8407.379011,9345.748,10387.528,6333.197996,9666.806002285713,9804.737733433334
2014-12-05,10996.84596,65.89,4,12,4,339,49,10104.487,10196.284996,14717.784,9158.644999,10011.046429285716,9819.055533433333
2014-12-06,8846.294,65.89,5,12,4,340,49,9693.379004,10008.385,9689.043,5920.25,10138.526280714286,9695.024265433334
2014-12-07,4674.22,65.89,6,12,4,341,49,4868.091998,5028.03899,10642.417998,3094.035005,10017.514137285714,9666.9326321
2014-12-08,10686.636,63.13,0,12,4,342,50,11009.652004,9546.543,10069.003,5387.647004,9989.81813757143,9467.992698833335
2014-12-09,10861.7821,63.74,1,12,4,343,50,9985.882999,9275.025995,4750.965998000001,2435.633,9943.672994142858,9488.580465500001
2014-12-10,15642.7368,60.99,2,12,4,344,50,13598.77,13066.438002,9189.821,6442.102,10068.801437142858,9692.274335566668
2014-12-11,11736.022,60.01,3,12,4,345,50,10817.062,8407.379011,9717.118,7488.41498,10360.796694285715,9907.3715289
2014-12-12,10623.036,57.81,4,12,4,346,50,10996.84596,10104.487,12185.867,8486.091,10492.076694285715,9974.6683289
2014-12-13,10683.493995,57.81,5,12,4,347,50,8846.294,9693.379004,9262.553009,7966.511,10438.67527142857,9922.573962233333
2014-12-14,5008.342,57.81,6,12,4,348,50,4674.22,4868.091998,9809.377,7629.721,10701.13241357143,9969.938661766668
2014-12-15,11730.244,55.96,0,12,4,349,51,10686.636,11009.652004,10471.291,7158.148,10748.864127857143,9809.904161766666
2014-12-16,12286.737999,55.97,1,12,4,350,51,10861.7821,9985.882999,5420.276,3157.155,10897.950985000001,9851.869261766666
2014-12-17,13995.168,56.43,2,12,4,351,51,15642.7368,13598.77,10206.562999,7651.485999,11101.516113428572,10080.751328399998
2014-12-18,11976.336026,54.18,3,12,4,352,51,11736.022,10817.062,10905.223,6812.793000000001,10866.149142,10207.038161766666
2014-12-19,13083.348,56.91,4,12,4,353,51,10623.036,10996.84596,12583.195,9382.83803,10900.479717142856,10242.741929300002
2014-12-20,12562.634,56.91,5,12,4,354,51,10683.493995,8846.294,9345.748,7930.986,11251.952860000001,10259.413695966668
2014-12-21,7662.177101,56.91,6,12,4,355,51,5008.342,4674.22,10196.284996,10906.77801,11520.401432142857,10366.6432293
2014-12-22,13743.308,55.25,0,12,4,356,52,11730.244,10686.636,10008.385,8320.063,11899.520732285715,10282.172966133334
2014-12-23,13523.496,56.78,1,12,4,357,52,12286.737999,10861.7821,5028.03899,5450.8460000000005,12187.101303714286,10406.670399466666
2014-12-24,12834.101,55.7,2,12,4,358,52,13995.168,15642.7368,9546.543,11476.883,12363.781018142856,10689.8522998
2014-12-26,9701.673,54.59,4,12,4,360,52,11976.336026,11736.022,9275.025995,8536.046,12197.914303857144,10799.437566466666
2014-12-27,6548.209,54.59,5,12,4,361,52,13083.348,10623.036,13066.438002,6151.595,11872.962443,10813.659133300001
2014-12-28,2818.98,54.59,6,12,4,362,52,12562.634,10683.493995,8407.379011,7440.179,10939.371157285716,10596.384833233335
2014-12-29,9580.585,53.46,0,12,4,363,1,7662.177101,5008.342,10104.487,4532.439,9547.420585857142,10410.104866200001
2014-12-30,11038.835,54.14,1,12,4,364,1,13743.308,11730.244,9693.379004,1819.251996,9821.478857142856,10392.641466199999
2014-12-31,10756.988,53.45,2,12,4,365,1,13523.496,12286.737999,4868.091998,5754.39498,9435.12557142857,10437.489999399999
2015-01-01,0.0,53.45,3,1,1,1,1,12834.101,13995.168,11009.652004,4618.153,9039.910142857143,10633.7865328
2015-01-02,4797.803,52.72,4,1,1,2,1,9701.673,11976.336026,9985.882999,0.0,7206.467142857143,10266.798132666669
2015-01-03,5270.969,52.72,5,1,1,3,1,6548.209,13083.348,13598.77,12034.864999,6505.914285714285,10093.862132700002
2015-01-04,3035.146999,52.72,6,1,1,4,1,2818.98,12562.634,10817.062,11700.4514,6323.451428571428,9816.268766033334
2015-01-05,8494.916000000001,50.05,0,1,1,5,2,9580.585,7662.177101,10996.84596,10863.582,6354.332428428571,9556.871599333334
2015-01-06,6931.214004,47.98,1,1,1,6,2,11038.835,13743.308,8846.294,4634.573,6199.236856999999,9473.473934000001
2015-01-07,8341.813,48.69,2,1,1,7,2,10756.988,13523.496,4674.22,10766.978,5612.433857571428,9409.637934133334
2015-01-08,6301.89,48.8,3,1,1,8,2,0.0,12834.101,10686.636,9582.605009,5267.408857571429,9531.891034133332
2015-01-09,7622.522,48.35,4,1,1,9,2,4797.803,9701.673,10861.7821,13372.519,6167.678857571429,9385.732834133332
2015-01-10,7375.163,48.35,5,1,1,10,2,5270.969,6548.209,15642.7368,9817.64,6571.210143285714,9277.757497466666
2015-01-11,2930.321,48.35,6,1,1,11,2,3035.146999,2818.98,11736.022,10688.5596,6871.809286142858,9002.171704133334
2015-01-12,7320.509,46.06,0,1,1,12,3,8494.916000000001,9580.585,10623.036,10123.369896,6856.834143428571,8708.648337466666
2015-01-13,7260.772019999999,45.92,1,1,1,13,3,6931.214004,11038.835,10683.493995,4477.641,6689.061714857143,8598.564104133333
2015-01-14,7455.815,48.49,2,1,1,14,3,8341.813,10756.988,5008.342,10587.845,6736.141431428571,8484.473371633334
2015-01-15,5525.603,46.37,3,1,1,15,3,6301.89,0.0,11730.244,9212.402,6609.570288571428,8566.055804966667
2015-01-16,7622.985,48.49,4,1,1,16,3,7622.522,4797.803,12286.737999,12945.3155,6498.672145714286,8359.2344383
2015-01-17,7521.470998,48.49,5,1,1,17,3,7375.163,5270.969,13995.168,8728.828001,6498.738288571428,8203.776005
2015-01-18,2915.434,48.49,6,1,1,18,3,2930.321,3035.146999,11976.336026,11014.48993,6519.639431142858,7987.986104933333
2015-01-19,7185.957,48.49,0,1,1,19,4,7320.509,8494.916000000001,13083.348,10084.039,6517.512716857143,7685.9560374
2015-01-20,6244.418000000001,46.79,1,1,1,20,4,7260.772019999999,6931.214004,12562.634,4611.47,6498.291002571429,7489.3763374
2015-01-21,7495.845,47.85,2,1,1,21,4,7455.815,8341.813,7662.177101,9262.299,6353.097571142856,7278.7691374
2015-01-22,6531.595,45.93,3,1,1,22,4,5525.603,6301.89,13743.308,10658.405,6358.816142571429,7273.224734033333
2015-01-23,7298.337,45.26,4,1,1,23,4,7622.985,7622.522,13523.496,12342.9955,6502.529285428572,7032.834300699999
2015-01-24,6537.567,45.26,5,1,1,24,4,7521.470998,7375.163,12834.101,9154.47502,6456.150999714286,6825.3290007000005
2015-01-25,2610.260998,45.26,6,1,1,25,4,2915.434,2930.321,9701.673,11079.889104,6315.593285714286,6615.444534033334
2015-01-26,6404.881,44.8,0,1,1,26,5,7185.957,7320.509,6548.209,8688.380995,6271.997142571429,6379.064133966666
2015-01-27,5989.554,45.84,1,1,1,27,5,6244.418000000001,7260.772019999999,2818.98,4675.985,6160.414856857143,6374.286533966666
2015-01-28,7486.48202,44.08,2,1,1,28,5,7495.845,7455.815,9580.585,9643.89702,6124.005714,6479.972333966666
2015-01-29,6773.12702,44.12,3,1,1,29,5,6531.595,5525.603,11038.835,8987.657,6122.668145428572,6410.1689013
2015-01-30,8636.572002,47.79,4,1,1,30,5,7298.337,7622.985,10756.988,12354.5677,6157.172719714285,6267.9786353
2015-01-31,7274.061,47.79,5,1,1,31,5,6537.567,7521.470998,0.0,8977.837,6348.3491485714285,6197.298102033334
2015-02-01,3249.462,47.79,6,2,1,32,5,2610.260998,2915.434,4797.803,10591.1898,6453.562577142859,6439.766802033333
2015-02-02,7915.997,49.25,0,2,1,33,6,6404.881,7185.957,5270.969,6642.345,6544.877006000001,6388.155435366667
2015-02-03,7162.597,53.04,1,2,1,34,6,5989.554,6244.418000000001,3035.146999,2490.672988,6760.750720285715,6476.323035366667
2015-02-04,7345.590999999999,48.45,2,2,1,35,6,7486.48202,7495.845,8494.916000000001,6181.2740005000005,6928.328291714286,6613.904702066667
2015-02-05,5934.152986,50.48,3,2,1,36,6,6773.12702,6531.595,6931.214004,5704.709001,6908.201003142857,6575.593868733335
2015-02-06,7519.287,51.66,4,2,1,37,6,8636.572002,7298.337,8341.813,7413.17698,6788.347569714286,6542.358501466666
2015-02-07,6761.33098,51.66,5,2,1,38,6,7274.061,6537.567,6301.89,5684.777,6628.735426571428,6514.940968133334
2015-02-08,3035.288,51.66,6,2,1,39,6,3249.462,2610.260998,7622.522,6527.8828,6555.488280857143,6530.255667466667
2015-02-09,6558.348980000001,52.99,0,2,1,40,7,7915.997,6404.881,7375.163,6081.824998,6524.891995142857,6377.347867466667
2015-02-10,6830.423,50.06,1,2,1,41,7,7162.597,5989.554,2930.321,2393.5139994,6330.942278,6350.120733466667
2015-02-11,6718.368,48.8,2,2,1,42,7,7345.590999999999,7486.48202,7320.509,5819.104,6283.4888494285715,6480.1241334666665
2015-02-12,6056.028,51.17,3,2,1,43,7,5934.152986,6773.12702,7260.772019999999,6135.15099,6193.885563714286,6460.0527668
2015-02-13,7323.950989,52.66,4,2,1,44,7,7519.287,8636.572002,7455.815,7494.975996,6211.2962800000005,6419.8946328
2015-02-14,5419.901,52.66,5,2,1,45,7,6761.33098,7274.061,5525.603,5631.581,6183.391135571428,6415.499165766667
2015-02-15,1926.741,52.66,6,2,1,46,7,3035.288,3249.462,7622.985,7060.89,5991.7582812857145,6411.975765766667
2015-02-16,2053.522,52.66,0,2,1,47,8,6558.348980000001,7915.997,7521.470998,6569.446,5833.394424142856,6222.100965766667
2015-02-17,1858.562,53.56,1,2,1,48,8,6830.423,7162.597,2915.434,2770.94799,5189.847712714286,6039.835999166667
2015-02-18,7123.381,52.13,2,2,1,49,8,6718.368,7345.590999999999,7185.957,5684.369000000001,4479.581855571429,6004.6069325
2015-02-19,5408.486,51.12,3,2,1,50,8,6056.028,5934.152986,6244.418000000001,6545.479,4537.440855571428,6002.5210658333335
2015-02-20,7950.327,49.95,4,2,1,51,8,7323.950989,7519.287,7495.845,6782.931,4444.934855571429,5974.656665833333
2015-02-21,7214.185,49.95,5,2,1,52,8,5419.901,6761.33098,6531.595,5634.373,4534.4171428571435,5989.806065833333
2015-02-22,2932.0750000000003,49.95,6,2,1,53,8,1926.741,3035.288,7298.337,6018.0306,4790.743428571428,6012.559065833334
2015-02-23,6769.553,49.56,0,2,1,54,9,2053.522,6558.348980000001,6537.567,6236.9529999999995,4934.362571428572,5867.016999166666
2015-02-24,6157.185001,48.48,1,2,1,55,9,1858.562,6830.423,2610.260998,2334.053,5608.081285714286,5874.749865833333
2015-02-25,7147.01298,50.25,2,2,1,56,9,7123.381,6718.368,6404.881,6140.983,6222.170285857143,5992.980665933334
2015-02-26,5764.931999,47.65,3,2,1,57,9,5408.486,6056.028,5989.554,5916.78798,6225.546283000001,6017.718398600001
2015-02-27,7717.962,49.84,4,2,1,58,9,7950.327,7323.950989,7486.48202,6044.604,6276.46714,6010.230998566667
2015-02-28,6960.8,49.84,5,2,1,59,9,7214.185,5419.901,6773.12702,4832.924,6243.27214,6017.9469979000005
2015-03-01,3324.632,49.84,6,3,1,60,9,2932.0750000000003,1926.741,8636.572002,6684.7386,6207.074282857144,6024.2027639
2015-03-02,6953.34,49.59,0,3,1,61,10,6769.553,2053.522,7274.061,8303.31698,6263.153854285714,5847.138097166667
2015-03-03,7073.354,50.43,1,3,1,62,10,6157.185001,1858.562,3249.462,2341.381,6289.409140000001,5836.4473971666675
2015-03-04,7540.497,51.53,2,3,1,63,10,7147.01298,7123.381,7915.997,2960.415,6420.290425571429,5963.910463833334
2015-03-05,6554.471,50.76,3,3,1,64,10,5764.931999,5408.486,7162.597,3861.036,6476.502428428571,5951.393797166666
2015-03-06,7240.657999999999,49.61,4,3,1,65,10,7717.962,7950.327,7345.590999999999,13222.915,6589.2937142857145,5931.122930500001
2015-03-07,7828.779001,49.61,5,3,1,66,10,6960.8,7214.185,5934.152986,10616.6151,6521.1074285714285,5927.625163833333
2015-03-08,2879.174995,49.61,6,3,1,67,10,3324.632,2932.0750000000003,7519.287,11837.09557,6645.104428714286,5990.7793643333325
2015-03-09,8072.94,49.95,0,3,1,68,11,6953.34,6769.553,6761.33098,9916.469,6581.467713714286,5836.108964166667
2015-03-10,6833.652,48.42,1,3,1,69,11,7073.354,6157.185001,3035.288,5084.255,6741.410570857142,5879.829264833334
2015-03-11,7774.883,48.06,2,3,1,70,11,7540.497,7147.01298,6558.348980000001,9983.393,6707.167428,6006.441398166668
2015-03-12,5766.168,47.12,3,3,1,71,11,6554.471,5764.931999,6830.423,9595.985,6740.651142285715,6046.992532166667
2015-03-13,8347.092,44.88,4,3,1,72,11,7240.657999999999,7717.962,6718.368,13517.5385,6628.036427999999,6011.5173655
2015-03-14,7518.053976,44.88,5,3,1,73,11,7828.779001,6960.8,6056.028,8686.63,6786.098427999999,6065.8081655
2015-03-15,2918.190998,44.88,6,3,1,74,11,2879.174995,3324.632,7323.950989,10067.9343,6741.7091387142855,6114.5423647
2015-03-16,6853.39699,43.93,0,3,1,75,12,8072.94,6953.34,5419.901,9029.67,6747.282853428571,5967.683698333333
2015-03-17,6218.916,43.39,1,3,1,76,12,6833.652,7073.354,1926.741,5416.576,6573.0624234285715,6015.466898
2015-03-18,6410.72501,44.63,2,3,1,77,12,7774.883,7540.497,2053.522,10120.124,6485.2429948571435,6158.539398
2015-03-19,6548.7370005,44.02,3,3,1,78,12,5766.168,6554.471,1858.562,9722.977,6290.363281999999,6303.779498333333
2015-03-20,8245.05602,46.0,4,3,1,79,12,8347.092,7240.657999999999,7123.381,11942.6265,6402.1588535,6460.1186650166665
2015-03-21,7184.04,46.0,5,3,1,80,12,7518.053976,7828.779001,5408.486,8595.955,6387.5822849285705,6497.507832350001
2015-03-22,2979.585,46.0,6,3,1,81,12,2918.190998,2879.174995,7950.327,10828.4631,6339.866002642857,6556.692965683334
2015-03-23,6491.462,47.4,0,3,1,82,13,6853.39699,8072.94,7214.185,10091.754,6348.636574357143,6391.001565683333
2015-03-24,6742.714,47.03,1,3,1,83,13,6218.916,6833.652,2932.0750000000003,4504.294005,6296.931575785714,6366.910799016667
2015-03-25,7049.156,48.75,2,3,1,84,13,6410.72501,7774.883,6769.553,9187.036,6371.7598615,6493.932099016666
2015-03-26,5704.197,51.41,3,3,1,85,13,6548.7370005,5766.168,6157.185001,9468.111,6462.964288642857,6503.252199016667
2015-03-27,7472.078028,48.83,4,3,1,86,13,8245.05602,8347.092,7147.01298,11996.316,6342.315717142857,6488.152598983333
2015-03-28,6809.218,48.83,5,3,1,87,13,7184.04,7518.053976,5764.931999,8356.738,6231.890289714285,6498.988100583333
2015-03-29,2783.5039859999997,48.83,6,3,1,88,13,2979.585,2918.190998,7717.962,10277.430836,6178.344289714286,6533.79763395
2015-03-30,5858.376,48.66,0,3,1,89,14,6491.462,6853.39699,6960.8,10258.32,6150.332716285715,6369.315700149999
2015-03-31,6781.097,47.72,1,3,1,90,14,6742.714,6218.916,3324.632,4553.45799,6059.891859142857,6332.568233483334
2015-04-01,8213.818,50.12,2,4,2,91,14,7049.156,6410.72501,6953.34,9569.716002,6065.375144857143,6447.783733483333
2015-04-02,7032.032,49.13,3,4,2,92,14,5704.197,6548.7370005,7073.354,7030.401,6231.755430571428,6489.799666816666
2015-04-03,2728.186,49.13,4,4,2,93,14,7472.078028,8245.05602,7540.497,7734.189,6421.446144857143,6488.422266816667
2015-04-04,5479.481,49.13,5,4,2,94,14,6809.218,7184.04,6554.471,5534.842001,5743.747283714285,6328.01190015
2015-04-05,2643.16,49.13,6,4,2,95,14,2783.5039859999997,2979.585,7240.657999999999,7955.9678,5553.784855142857,6292.178900149999
2015-04-06,7388.703,52.08,0,4,2,96,15,5858.376,6491.462,7828.779001,6592.68202,5533.735714285714,6138.928966816666
2015-04-07,7083.305,53.95,1,4,2,97,15,6781.097,6742.714,2879.174995,3121.13,5752.353857142857,6124.259766783333
2015-04-08,7925.73098,50.44,2,4,2,98,15,8213.818,7049.156,8072.94,6745.32398,5795.526428571428,6264.397433616667
2015-04-09,6211.811996,50.79,3,4,2,99,15,7032.032,5704.197,6833.652,5399.66002,5754.37114,6259.490466283332
2015-04-10,7963.008,51.63,4,4,2,100,15,2728.186,7472.078028,7774.883,7089.189,5637.196853714287,6238.762466149999
2015-04-11,7054.226,51.63,5,4,2,101,15,5479.481,6809.218,5766.168,5723.5229899999995,6385.028568000001,6245.0332994833325
2015-04-12,2674.19298,51.63,6,4,2,102,15,2643.16,2783.5039859999997,8347.092,6603.9281,6609.992139428571,6287.96856615
2015-04-13,6678.795,51.95,0,4,2,103,16,7388.703,5858.376,7518.053976,6133.685,6614.4254222857135,6098.87193215
2015-04-14,5800.545,53.3,1,4,2,104,16,7083.305,6781.097,2918.190998,2462.79199,6513.009993714287,6070.89663295
2015-04-15,6939.186,56.25,2,4,2,105,16,7925.73098,8213.818,6853.39699,5778.303,6329.758565142858,6166.975099683334
2015-04-16,6435.694996,56.69,3,4,2,106,16,6211.811996,7032.032,6218.916,5928.375,6188.823568000001,6169.83473335
2015-04-17,6961.3590300000005,55.71,4,4,2,107,16,7963.008,2728.186,6410.72501,7022.8,6220.806853714285,6177.060699883334
2015-04-18,7204.217,55.71,5,4,2,108,16,7054.226,5479.481,6548.7370005,5588.881998,6077.7141437142855,6195.415167216666
2015-04-19,3230.33,55.71,6,4,2,109,16,2674.19298,2643.16,8245.05602,2998.201899,6099.141429428571,6217.264500533333
2015-04-20,6955.54,56.37,0,4,2,110,17,6678.795,7388.703,7184.04,4332.51,6178.589575142857,6050.106966533333
2015-04-21,7215.342001,55.58,1,4,2,111,17,5800.545,7083.305,2979.585,2432.984004,6218.124575142858,6042.490299866667
2015-04-22,9754.941,56.17,2,4,2,112,17,6939.186,7925.73098,6491.462,6201.18003,6420.238432428571,6183.682199899999
2015-04-23,6407.665,56.59,3,4,2,113,17,6435.694996,6211.811996,6742.714,5553.08,6822.489146714286,6292.464833233333
2015-04-24,7730.524005,55.98,4,4,2,114,17,6961.3590300000005,7963.008,7049.156,8424.759,6818.484861571428,6281.296533233334
2015-04-25,6822.64102,55.98,5,4,2,115,17,7204.217,7054.226,5704.197,5813.087,6928.365572285714,6304.0088000666665
2015-04-26,2857.678,55.98,6,4,2,116,17,3230.33,2674.19298,7472.078028,7112.4723,6873.8547180000005,6341.290267400001
2015-04-27,6661.12702,55.56,0,4,2,117,18,6955.54,6678.795,6809.218,6384.50499,6820.618718,6187.476933133334
2015-04-28,5705.07101,57.05,1,4,2,118,18,7215.342001,5800.545,2783.5039859999997,2369.78,6778.559720857143,6182.540567133333
2015-04-29,6987.636,58.55,2,4,2,119,18,9754.941,6939.186,5858.376,5777.804,6562.806722142857,6279.9261346
2015-04-30,6794.165,59.62,3,4,2,120,18,6407.665,6435.694996,6781.097,5882.332,6167.477436428571,6317.568134600001
2015-05-01,2707.398,59.1,4,5,2,121,18,7730.524005,6961.3590300000005,8213.818,7410.025009999999,6222.6917221428575,6318.0037346
2015-05-02,7231.594,59.1,5,5,2,122,18,6822.64102,7204.217,7032.032,2569.481,5505.102292857143,6134.456401266667
2015-05-03,2732.77,59.1,6,5,2,123,18,2857.678,3230.33,2728.186,7872.43686,5563.524147142858,6141.1084679333335
2015-05-04,7291.053,58.92,0,5,2,124,19,6661.12702,6955.54,5479.481,7047.21,5545.680147142857,6141.261267933334
2015-05-05,7244.744,60.38,1,5,2,125,19,5705.07101,7215.342001,2643.16,2688.856,5635.669572857143,6201.647001266667
2015-05-06,8395.354998,60.93,2,5,2,126,19,6987.636,9754.941,7388.703,4868.707999,5855.622857142857,6355.0331346
2015-05-07,6711.381,58.99,3,5,2,127,19,6794.165,6407.665,7083.305,7284.11498,6056.725571142858,6388.588201199999
2015-05-08,8748.51098,59.41,4,5,2,128,19,2707.398,7730.524005,7925.73098,7393.54402,6044.8992854285725,6376.190734533334
2015-05-09,8369.26198,59.41,5,5,2,129,19,7231.594,6822.64102,6211.811996,5546.6849999999995,6907.915425428572,6403.616734533334
2015-05-10,2382.026,59.41,6,5,2,130,19,2732.77,2857.678,7963.008,7596.6694,7070.439422571429,6475.531734000001
2015-05-11,7290.303,59.23,0,5,2,131,20,7291.053,6661.12702,7054.226,7075.71698,7020.3331368571435,6289.499000666667
2015-05-12,7231.055981,60.72,1,5,2,132,20,7244.744,5705.07101,2674.19298,2383.417004,7020.225994,6297.3682340000005
2015-05-13,8133.482,60.5,2,5,2,133,20,8395.354998,6987.636,6678.795,6006.81502,7018.270562714286,6449.263667366667
2015-05-14,6096.641,59.89,3,5,2,134,20,6711.381,6794.165,5800.545,6703.55,6980.860134428572,6497.753234033334
2015-05-15,7561.868,59.73,4,5,2,135,20,8748.51098,2707.398,6939.186,6556.992,6893.040134428571,6507.6231007
2015-05-16,7289.329004,59.73,5,5,2,136,20,8369.26198,7231.594,6435.694996,5704.361,6723.519708714286,6528.379167366667
2015-05-17,3015.681,59.73,6,5,2,137,20,2382.026,2732.77,6961.3590300000005,7313.1204,6569.243569285715,6556.8336343
2015-05-18,7026.321,59.44,0,5,2,138,21,7290.303,7291.053,7204.217,6081.558994,6659.7657121428565,6425.3110332999995
2015-05-19,7511.659,57.3,1,5,2,139,21,7231.055981,7244.744,3230.33,2589.567999,6622.053997857142,6419.381166633334
2015-05-20,8375.775,58.96,2,5,2,140,21,8133.482,8395.354998,6955.54,6796.845,6662.140143428572,6562.0921333
2015-05-21,6775.157,60.18,3,5,2,141,21,6096.641,6711.381,7215.342001,6606.284984,6696.753429142857,6609.433299966667
2015-05-22,8283.12998,58.88,4,5,2,142,21,7561.868,8748.51098,9754.941,6795.899,6793.684286285715,6594.7604666
2015-05-23,7028.643,58.88,5,5,2,143,21,7289.329004,8369.26198,6407.665,5706.399004,6896.721712,6545.700099266667
2015-05-24,3314.924,58.88,6,5,2,144,21,3015.681,2382.026,7730.524005,6328.5587000000005,6859.4808542857145,6566.399365933334
2015-05-25,7800.116,58.88,0,5,2,145,22,7026.321,7290.303,6822.64102,6006.517,6902.229854285715,6419.2126991000005
2015-05-26,7897.662005,57.29,1,5,2,146,22,7511.659,7231.055981,2857.678,2395.622,7012.771997142857,6451.795198433333
2015-05-27,8700.202,57.51,2,5,2,147,22,8375.775,8133.482,6661.12702,6066.194001,7067.9152835714285,6619.794665266667
2015-05-28,7361.214,57.69,3,5,2,148,22,6775.157,6096.641,5705.07101,4984.334999,7114.261997857143,6687.763831266667
2015-05-29,8799.685003999999,60.25,4,5,2,149,22,8283.12998,7561.868,6987.636,6934.918,7197.984426428571,6742.9685976
2015-05-30,8802.474,60.25,5,5,2,150,22,7028.643,7289.329004,6794.165,5247.004,7271.778001285714,6803.370231066667
2015-05-31,3854.498,60.25,6,5,2,151,22,3314.924,3015.681,2707.398,8215.244200000001,7525.182429857143,6870.3138644
2015-06-01,10818.649996,60.24,0,6,2,152,23,7800.116,7026.321,7231.594,6041.625995,7602.264429857142,6908.550531066667
2015-06-02,11220.017,61.3,1,6,2,153,23,7897.662005,7511.659,2732.77,2802.719,8033.483572142858,7028.119064266667
2015-06-03,15224.785004,59.67,2,6,2,154,23,8700.202,8375.775,7291.053,7120.854999,8508.105714285713,7311.0272976
2015-06-04,9580.316,58.0,3,6,2,155,23,7361.214,6775.157,7244.744,6652.41298,9440.189000571429,7575.485031066667
2015-06-05,12002.99,59.11,4,6,2,156,23,8799.685003999999,8283.12998,8395.354998,7473.020005,9757.203572,7653.337431066667
2015-06-06,10939.875,59.11,5,6,2,157,23,8802.474,7028.643,6711.381,6036.6959990000005,10214.81857142857,7773.591931133333
2015-06-07,3906.407,59.11,6,6,2,158,23,3854.498,3314.924,8748.51098,7853.17813,10520.16157142857,7914.541731133333
2015-06-08,11190.642976,58.15,0,6,2,159,24,10818.649996,7800.116,8369.26198,6007.947001,10527.577142857144,7753.138265133332
2015-06-09,9290.694,60.15,1,6,2,160,24,11220.017,7897.662005,2382.026,2214.503996,10580.718997142856,7847.184298333333
2015-06-10,12264.93802,61.36,2,6,2,161,24,15224.785004,8700.202,7290.303,6228.62,10305.101425714285,8077.473231666667
2015-06-11,9291.9571,60.74,3,6,2,162,24,9580.316,7361.214,7231.055981,5886.0440100000005,9882.266142285715,8243.294398999999
2015-06-12,10896.572,59.96,4,6,2,163,24,12002.99,8799.685003999999,8133.482,7314.068,9841.072013714287,8311.991102966665
2015-06-13,10652.519,59.96,5,6,2,164,24,10939.875,8802.474,6096.641,5485.53602,9683.012299428572,8404.094102966666
2015-06-14,5093.6009995,59.96,6,6,2,165,24,3906.407,3854.498,7561.868,7256.3383,9641.961442285714,8555.956702966667
2015-06-15,10368.812,59.53,0,6,2,166,25,11190.642976,10818.649996,7289.329004,7185.759,9811.56058507143,8473.681136283332
2015-06-16,10782.219,60.01,1,6,2,167,25,9290.694,11220.017,3015.681,1755.367,9694.156159928572,8576.330569483333
2015-06-17,13632.879,59.89,2,6,2,168,25,12264.93802,15224.785004,7026.321,6469.287,9907.231159928571,8835.215169483334
2015-06-18,9501.738,60.41,3,6,2,169,25,9291.9571,9580.316,7511.659,5810.603,10102.651299928573,9055.433769483332
2015-06-19,11995.303,59.62,4,6,2,170,25,10896.572,12002.99,8375.775,6563.048,10132.619999928573,9121.76973615
2015-06-20,11892.822998,59.62,5,6,2,171,25,10652.519,10939.875,6775.157,5595.294,10289.581571357145,9242.420669483334
2015-06-21,4066.430002,59.62,6,6,2,172,25,5093.6009995,3906.407,8283.12998,8202.7465,10466.767856785713,9413.009536083331
2015-06-22,10925.374,60.01,0,6,2,173,26,10368.812,11190.642976,7028.643,6671.712,10320.029142857142,9272.45287015
2015-06-23,10133.63,61.05,1,6,2,174,26,10782.219,9290.694,3314.924,2449.529,10399.538,9402.343903483334
2015-06-24,12143.965001,60.01,2,6,2,175,26,13632.879,12264.93802,7800.116,6320.216001,10306.882428571427,9629.634103483335
2015-06-25,9261.524999,59.59,3,6,2,176,26,9501.738,9291.9571,7897.662005,5659.71398,10094.180428714286,9774.429070183332
2015-06-26,10684.28,59.41,4,6,2,177,26,11995.303,10896.572,8700.202,6971.182002,10059.864285714286,9819.891169983333
2015-06-27,10663.54702,59.41,5,6,2,178,26,11892.822998,10652.519,7361.214,6012.036,9872.575285714285,9886.027103316668
2015-06-28,5360.274,59.41,6,6,2,179,26,4066.430002,5093.6009995,8799.685003999999,8100.3635,9696.964431714285,9996.104870650002
2015-06-29,10540.696,58.34,0,6,2,180,27,10925.374,10368.812,8802.474,6084.97498,9881.799288571428,9881.457837183332
2015-06-30,10627.11,59.48,1,6,2,181,27,10133.63,10782.219,3854.498,2416.7680035,9826.845288571427,9939.398570516667
2015-07-01,14017.068,56.94,2,7,3,182,27,12143.965001,13632.879,10818.649996,5970.379,9897.342431428571,10165.152303849998
2015-07-02,10896.185,56.93,3,7,3,183,27,9261.524999,9501.738,11220.017,9649.17298,10164.928574142858,10271.766237316666
2015-07-03,14673.134,56.93,4,7,3,184,27,10684.28,11995.303,15224.785004,14812.346,10398.451431428572,10260.971837316667
2015-07-04,10654.451996,56.93,5,7,3,185,27,10663.54702,11892.822998,9580.316,9593.2990002,10968.287717142857,10242.583470516667
2015-07-05,3709.089,56.93,6,7,3,186,27,5360.274,4066.430002,12002.99,11822.021,10966.988427999999,10278.388003716665
2015-07-06,7419.557102,52.48,0,7,3,187,28,10540.696,10925.374,10939.875,8368.502,10731.104856571428,10001.92463705
2015-07-07,0.0,52.33,1,7,3,188,28,10627.11,10133.63,3906.407,4429.332996,10285.227871142857,9884.580707116667
2015-07-08,13489.635,51.61,2,7,3,189,28,14017.068,12143.965001,11190.642976,10168.345014,8767.069299714285,9754.36714045
2015-07-09,11945.477,52.76,3,7,3,190,28,10896.185,9261.524999,9290.694,9100.60298,8691.721728285715,9831.000207916666
2015-07-10,11837.584,52.74,4,7,3,191,28,14673.134,10684.28,12264.93802,12147.941,8841.62058542857,9919.492974583332
2015-07-11,10827.921,52.74,5,7,3,192,28,10654.451996,10663.54702,9291.9571,9155.299999,8436.542014,9905.247840583334
2015-07-12,4177.606,52.74,6,7,3,193,28,3709.089,5360.274,10896.572,10780.602,8461.323300285714,9956.44663725
2015-07-13,10697.79202,52.19,0,7,3,194,29,7419.557102,10540.696,10652.519,9308.512,8528.254300285715,9732.481103916669
2015-07-14,10799.032,53.05,1,7,3,195,29,0.0,10627.11,5093.6009995,4499.20999,8996.573574285716,9733.990204583333
2015-07-15,13195.295,51.4,2,7,3,196,29,13489.635,14017.068,10368.812,9980.273,10539.292431428572,9924.171237933333
2015-07-16,9919.048,50.9,3,7,3,197,29,11945.477,10896.185,10782.219,9225.376,10497.24386,10018.387337933333
2015-07-17,13125.63702,50.88,4,7,3,198,29,11837.584,14673.134,13632.879,11970.10502,10207.754002857142,9989.614971266668
2015-07-18,9208.722,50.88,5,7,3,199,29,10827.921,10654.451996,9501.738,8708.171,10391.761577142857,9972.706905266667
2015-07-19,3800.270999,50.88,6,7,3,200,29,4177.606,3709.089,11995.303,10811.153,10160.447434285714,9962.939705266666
2015-07-20,11011.89198,50.11,0,7,3,201,30,10697.79202,7419.557102,11892.822998,9713.058,10106.542434142857,9689.771971899998
2015-07-21,9104.631,50.59,1,7,3,202,30,10799.032,0.0,4066.430002,3792.860001,10151.413857000001,9660.407604633334
2015-07-22,11947.509,49.27,2,7,3,203,30,13195.295,13489.635,10925.374,10118.514005,9909.356571285714,9828.3476379
2015-07-23,9161.459996,48.11,3,7,3,204,30,9919.048,11945.477,10133.63,9679.421001,9731.101428428572,9862.418804566667
2015-07-24,10920.393996,47.98,4,7,3,205,30,13125.63702,11837.584,12143.965001,11188.520009,9622.874570714284,9830.013137766666
2015-07-25,9325.048,47.98,5,7,3,206,30,9208.722,10827.921,9261.524999,8615.948,9307.839853000001,9789.2274376
2015-07-26,4316.108,47.98,6,7,3,207,30,3800.270999,4177.606,10684.28,10000.73,9324.457853,9791.344870966666
2015-07-27,10285.238025,47.17,0,7,3,208,31,11011.89198,10697.79202,10663.54702,8792.46503,9398.148853142859,9579.072470966667
2015-07-28,10234.318,47.97,1,7,3,209,31,9104.631,10799.032,5360.274,3780.808,9294.341145285714,9566.462171133333
2015-07-29,11816.024,48.77,2,7,3,210,31,11947.509,13195.295,10540.696,9018.717,9455.725002428571,9728.930304466667
2015-07-30,8889.634,48.53,3,7,3,211,31,9161.459996,9919.048,10627.11,9249.057,9436.941431000001,9771.4412378
2015-07-31,11201.103,47.11,4,7,3,212,31,10920.393996,13125.63702,14017.068,10970.33899,9398.109145857143,9713.525371133333
2015-08-01,10732.418,47.11,5,8,3,213,31,9325.048,9208.722,10896.185,9305.559,9438.210432142858,9619.659871133334
2015-08-02,4353.509001,47.11,6,8,3,214,31,4316.108,3800.270999,14673.134,7806.689,9639.263289285716,9614.200971133334
2015-08-03,11232.437,45.25,0,8,3,215,32,10285.238025,11011.89198,10654.451996,6057.59,9644.606289428571,9270.213471166666
2015-08-04,11271.805,45.75,1,8,3,216,32,10234.318,9104.631,3709.089,2353.722,9779.920428714284,9289.479637966668
2015-08-05,13591.66798,45.13,2,8,3,217,32,11816.024,11947.509,7419.557102,6894.018,9928.132857285715,9541.5701713
2015-08-06,9605.14298,44.69,3,8,3,218,32,8889.634,9161.459996,0.0,6034.11,10181.796283,9747.307200566665
2015-08-07,11324.413002,43.87,4,8,3,219,32,11201.103,10920.393996,13489.635,6307.939,10284.01185157143,10067.478633233333
2015-08-08,7799.07799,43.87,5,8,3,220,32,10732.418,9325.048,11945.477,5208.132,10301.627566142855,9995.304566633333
2015-08-09,3415.9280005,43.87,6,8,3,221,32,4353.509001,4316.108,11837.584,7653.309,9882.578993285715,9857.091266300002
2015-08-10,3297.028,44.94,0,8,3,222,33,11232.437,10285.238025,10827.921,5666.582999,9748.638850357142,9576.369399649999
2015-08-11,10789.077001,43.11,1,8,3,223,33,11271.805,10234.318,4177.606,2320.304,8615.008993214286,9325.339632983332
2015-08-12,12936.002,43.22,2,8,3,224,33,13591.66798,11816.024,10697.79202,6019.558,8546.047850500001,9545.721999683332
2015-08-13,8779.985,42.27,3,8,3,225,33,9605.14298,8889.634,10799.032,5236.424,8452.38128192857,9620.328999016667
2015-08-14,13938.9,42.45,4,8,3,226,33,11324.413002,11201.103,13195.295,7177.144,8334.5015705,9553.02743235
2015-08-15,12373.519,42.45,5,8,3,227,33,7799.07799,10732.418,9919.048,5829.916001,8707.99971307143,9577.814265683333
2015-08-16,3926.107,42.45,6,8,3,228,33,3415.9280005,4353.509001,13125.63702,6912.125999999999,9361.491285928572,9659.629965683333
2015-08-17,10466.366,41.93,0,8,3,229,34,3297.028,11232.437,9208.722,5782.00302,9434.374000142856,9352.978965016666
2015-08-18,9904.44302,42.58,1,8,3,230,34,10789.077001,11271.805,3800.270999,2488.339,10458.565143,9394.900431683334
2015-08-19,11504.925,40.75,2,8,3,231,34,12936.002,13591.66798,11011.89198,5838.877999,10332.18886,9598.372832383333
2015-08-20,9398.781004,41.0,3,8,3,232,34,8779.985,9605.14298,9104.631,5242.299,10127.74928857143,9614.807266383334
2015-08-21,11087.339,40.45,4,8,3,233,34,13938.9,11324.413002,11947.509,6880.6880200000005,10216.148717714286,9624.612266516666
2015-08-22,9964.302001,40.45,5,8,3,234,34,12373.519,7799.07799,9161.459996,6034.2660000000005,9808.78286057143,9595.939933183334
2015-08-23,3763.293008,40.45,6,8,3,235,34,3926.107,3415.9280005,10920.393996,6924.622,9464.609003571428,9622.70133335
2015-08-24,10101.54202,38.22,0,8,3,236,35,10466.366,3297.028,9325.048,5699.918999,9441.349861857143,9384.131300416666
2015-08-25,9781.127996,39.15,1,8,3,237,35,9904.44302,10789.077001,4316.108,2299.636,9389.23215042857,9410.014434416666
2015-08-26,12433.10302,38.5,2,8,3,238,35,11504.925,12936.002,10285.238025,5579.97,9371.615718428571,9592.181767616665
2015-08-27,9429.452,42.47,3,8,3,239,35,9398.781004,8779.985,10234.318,5542.154,9504.212578428573,9663.777267450001
2015-08-28,10835.361,45.29,4,8,3,240,35,11087.339,13938.9,11816.024,6601.723,9508.594149285713,9636.948400783333
2015-08-29,10441.452979,45.29,5,8,3,241,35,9964.302001,12373.519,8889.634,4860.695,9472.597292142858,9604.259634116666
2015-08-30,4213.56,45.29,6,8,3,242,35,3763.293008,3926.107,11201.103,7610.318998,9540.761717571428,9655.986933416665
2015-08-31,10322.236,49.2,0,8,3,243,36,10101.54202,10466.366,10732.418,6532.2300000000005,9605.085573571429,9423.068833416666
2015-09-01,10823.672,45.38,1,9,3,244,36,9781.127996,9904.44302,4353.509001,2912.434,9636.613285,9409.396100083333
2015-09-02,14177.1541,46.3,2,9,3,245,36,12433.10302,11504.925,11232.437,10969.092,9785.548142714286,9625.068200050002
2015-09-03,11522.89,46.75,3,9,3,246,36,9429.452,9398.781004,11271.805,10751.012,10034.698296999999,9723.225436716666
2015-09-04,12174.21304,46.02,4,9,3,247,36,10835.361,11087.339,13591.66798,12646.868,10333.76086842857,9731.594936716667
2015-09-05,11078.508996,46.02,5,9,3,248,36,10441.452979,9964.302001,9605.14298,8847.568004,10525.02544557143,9684.346438716666
2015-09-06,4625.906988,46.02,6,9,3,249,36,4213.56,3763.293008,11324.413002,11518.21403,10616.033448,9733.45863925
2015-09-07,10480.783001,46.02,0,9,3,250,37,10322.236,10101.54202,7799.07799,10191.576,10674.940160571428,9510.17510545
2015-09-08,10211.097996,45.92,1,9,3,251,37,10823.672,9781.127996,3415.9280005,4787.518,10697.589732142855,9599.565272483333
2015-09-09,13040.415,44.13,2,9,3,252,37,14177.1541,12433.10302,3297.028,10839.942999,10610.079160142855,9826.070939000001
2015-09-10,8941.558,45.85,3,9,3,253,37,11522.89,9429.452,10789.077001,10222.208,10447.687860142858,10150.850505666667
2015-09-11,11486.983,44.75,4,9,3,254,37,12174.21304,10835.361,12936.002,12134.201,10078.926145857142,10089.266538966669
2015-09-12,11174.742,44.75,5,9,3,255,37,11078.508996,10441.452979,8779.985,9783.738996,9980.750425857143,10040.965905633335
2015-09-13,4580.307,44.75,6,9,3,256,37,4625.906988,4213.56,13938.9,10121.306,9994.497997857145,10120.791138966666
2015-09-14,11033.97902,44.07,0,9,3,257,38,10480.783001,10322.236,12373.519,9576.454,9987.983713857144,9808.838038966667
2015-09-15,9584.504005,44.58,1,9,3,258,38,10211.097996,10823.672,3926.107,5032.4210005,10067.01171657143,9764.1867063
2015-09-16,13039.082,47.12,2,9,3,259,38,13040.415,14177.1541,10466.366,9379.699,9977.498289285717,9952.7999398
2015-09-17,9516.80601,46.93,3,9,3,260,38,8941.558,11522.89,9904.44302,9769.906,9977.307860714285,10038.5571398
2015-09-18,11796.214,44.71,4,9,3,261,38,11486.983,12174.21304,11504.925,12013.201995,10059.486147857142,10025.635906133333
2015-09-19,11620.016,44.71,5,9,3,262,38,11174.742,11078.508996,9398.781004,8527.191,10103.662005,10035.345539466669
2015-09-20,4794.836998,44.71,6,9,3,263,38,4580.307,4625.906988,11087.339,10086.329,10167.272576428571,10109.386706000001
2015-09-21,10235.09098,46.67,0,9,3,264,39,11033.97902,10480.783001,9964.302001,10740.699999,10197.919719,9899.636639266666
2015-09-22,10459.358998,46.17,1,9,3,265,39,9584.504005,10211.097996,3763.293008,4808.599001,10083.792856142858,9908.662938566667
2015-09-23,12247.307996,44.53,2,9,3,266,39,13039.082,13040.415,10101.54202,8939.85,10208.772140857143,10131.865138233336
2015-09-24,9829.34,44.94,3,9,3,267,39,9516.80601,8941.558,9781.127996,9219.73699,10095.661568857144,10203.390670766668
2015-09-25,11487.514,45.55,4,9,3,268,39,11796.214,11486.983,12433.10302,12576.187,10140.309281714286,10204.997737566668
2015-09-26,11807.678,45.55,5,9,3,269,39,11620.016,11174.742,9429.452,9321.836001,10096.209281714286,10173.478103566666
2015-09-27,5477.675,45.55,6,9,3,270,39,4794.836998,4580.307,10835.361,9878.165996,10123.018138857142,10252.752303566667
2015-09-28,10526.361001,44.4,0,9,3,271,40,10235.09098,11033.97902,10441.452979,10779.00199,10220.566424857143,10074.162770233334
2015-09-29,9930.759,45.24,1,9,3,272,40,10459.358998,9584.504005,4213.56,4752.113,10262.176427857145,10076.993037633334
2015-09-30,13924.853,45.06,2,9,3,273,40,12247.307996,13039.082,10322.236,9997.416,10186.662142428571,10267.566337633334
2015-10-01,10349.178,44.75,3,10,4,274,40,9829.34,9516.80601,10823.672,9332.828,10426.311428714285,10387.653570966668
2015-10-02,12496.113,45.54,4,10,4,275,40,11487.514,11796.214,14177.1541,14093.202,10500.574000142858,10371.837104299999
2015-10-03,13521.371998,45.54,5,10,4,276,40,11807.678,11620.016,11522.89,10415.538,10644.65957157143,10315.802400966666
2015-10-04,5665.602001,45.54,6,10,4,277,40,5477.675,4794.836998,12174.21304,12998.612017,10889.472999857144,10382.418467566666
2015-10-05,12970.47302,46.28,0,10,4,278,41,10526.361001,10235.09098,11078.508996,11982.685,10916.319714285713,10165.464766266668
2015-10-06,10625.603005,48.53,1,10,4,279,41,9930.759,10459.358998,4625.906988,4996.582,11265.478574142859,10228.530233733332
2015-10-07,12806.892,47.86,2,10,4,280,41,13924.853,12247.307996,10480.783001,9985.157,11364.742003428571,10428.520100966667
2015-10-08,10490.668,49.46,3,10,4,281,41,10349.178,9829.34,10211.097996,9149.682,11205.033289142855,10506.057067599999
2015-10-09,5316.309,49.67,4,10,4,282,41,12496.113,11487.514,13040.415,12656.043,11225.246146285714,10515.376067733332
2015-10-10,8891.894,49.67,5,10,4,283,41,13521.371998,11807.678,8941.558,9144.302,10199.55986057143,10257.905867733332
2015-10-11,4047.962,49.67,6,10,4,284,41,5665.602001,5477.675,11486.983,5455.48,9538.205860857142,10256.250401066667
2015-10-12,10893.578,47.09,0,10,4,285,42,12970.47302,10526.361001,11174.742,8605.298,9307.114432142856,10008.2830344
2015-10-13,9934.782,46.7,1,10,4,286,42,10625.603005,9930.759,4580.307,4161.074,9010.415143571428,9998.910901066667
2015-10-14,12616.05704,46.63,2,10,4,287,42,12806.892,13924.853,11033.97902,9958.743,8911.726428571428,10177.393401066665
2015-10-15,9524.846996,46.38,3,10,4,288,42,10490.668,10349.178,9584.504005,10530.82402,8884.46429142857,10230.129335066666
2015-10-16,13036.786,47.3,4,10,4,289,42,5316.309,12496.113,13039.082,12210.3065,8746.489862285714,10228.140768100002
2015-10-17,12073.70598,47.3,5,10,4,290,42,8891.894,13521.371998,9516.80601,9387.887,9849.415148,10228.064234766667
2015-10-18,6190.317,47.3,6,10,4,291,42,4047.962,5665.602001,11796.214,10479.597,10303.959716571428,10313.294233766668
2015-10-19,11361.91298,45.91,0,10,4,292,43,10893.578,12970.47302,11620.016,11063.902,10610.010430857143,10126.431000433333
2015-10-20,10732.539896,45.84,1,10,4,293,43,9934.782,10625.603005,4794.836998,5440.934,10676.915427999998,10117.827566433332
2015-10-21,11876.420004,45.22,2,10,4,294,43,12616.05704,12806.892,10235.09098,9833.982,10790.880841714286,10315.750996366667
2015-10-22,9146.047,44.9,3,10,4,295,43,9524.846996,10490.668,10459.358998,8768.161,10685.218408,10370.461963833333
2015-10-23,11912.931004,43.91,4,10,4,296,43,13036.786,5316.309,12247.307996,12626.88498,10631.104122857143,10326.684897233332
2015-10-24,10840.862995,43.91,5,10,4,297,43,12073.70598,8891.894,9829.34,8583.776996,10470.553409142856,10315.5389975
2015-10-25,5281.570998,43.91,6,10,4,298,43,6190.317,4047.962,11487.514,10218.456004,10294.432982714285,10349.256430666666
2015-10-26,10506.740004,43.19,0,10,4,299,44,11361.91298,10893.578,11807.678,9671.527005,10164.612125285714,10142.391663933335
2015-10-27,10108.647,43.21,1,10,4,300,44,10732.539896,9934.782,5477.675,5161.1,10042.444557285713,10099.027064066666
2015-10-28,12580.23802,45.93,2,10,4,301,44,11876.420004,12616.05704,10526.361001,10133.547998,9953.317000714287,10253.3927974
2015-10-29,9171.836,46.02,3,10,4,302,44,9146.047,9524.846996,9930.759,8414.216,10053.862431571428,10321.855364699999
2015-10-30,10831.515,46.6,4,10,4,303,44,11912.931004,13036.786,13924.853,12226.11198,10057.546574428572,10296.557931366666
2015-10-31,8829.708,46.6,5,10,4,304,44,10840.862995,12073.70598,10349.178,9255.495,9903.058573857143,10193.446664699999
2015-11-01,2994.41,46.6,6,11,4,305,44,5281.570998,6190.317,12496.113,11131.58,9615.750717428571,10142.7976647
2015-11-02,3036.4749995,46.12,0,11,4,306,45,10506.740004,11361.91298,13521.371998,7928.994000000001,9289.013432,9826.074231366667
2015-11-03,4814.29999,47.88,1,11,4,307,45,10108.647,10732.539896,5665.602001,3242.056,8221.83271707143,9476.577664749999
2015-11-04,14878.463,46.32,2,11,4,308,45,12580.23802,11876.420004,12970.47302,4472.1199990000005,7465.497429928572,9448.20093105
2015-11-05,10880.691,45.27,3,11,4,309,45,9171.836,9146.047,10625.603005,10387.528,7793.815284214286,9511.80059705
2015-11-06,11690.851,44.32,4,11,4,310,45,10831.515,11912.931004,12806.892,14717.784,8037.93742707143,9520.303530216666
2015-11-07,11374.563,44.32,5,11,4,311,45,8829.708,10840.862995,10490.668,9689.043,8160.699712785713,9483.102163550002
2015-11-08,5886.876,44.32,6,11,4,312,45,2994.41,5281.570998,5316.309,10642.417998,8524.250427071429,9512.565330216667
2015-11-09,10443.728,43.87,0,11,4,313,46,3036.4749995,10506.740004,8891.894,10069.003,8937.459855642857,9531.584230216666
2015-11-10,9714.441,44.23,1,11,4,314,46,4814.29999,10108.647,4047.962,4750.965998000001,9995.638855714287,9583.312030216666
2015-11-11,13168.33,42.95,2,11,4,315,46,14878.463,12580.23802,10893.578,9189.821,10695.659,9772.194663549999
2015-11-12,9525.952,41.74,3,11,4,316,46,10880.691,9171.836,9934.782,9717.118,10451.354285714286,9848.019730216667
2015-11-13,11240.863996,40.69,4,11,4,317,46,11690.851,10831.515,12616.05704,12185.867,10257.820142857143,9834.39206355
2015-11-14,10718.807995,40.69,5,11,4,318,46,11374.563,8829.708,9524.846996,9262.553009,10193.536285142856,9788.552295416668
2015-11-15,5303.268,40.69,6,11,4,319,46,5886.876,2994.41,13036.786,9809.377,10099.856998714286,9828.350995383333
2015-11-16,10977.736,41.68,0,11,4,320,47,10443.728,3036.4749995,12073.70598,10471.291,10016.484427285714,9570.567062049999
2015-11-17,9994.93801,40.73,1,11,4,321,47,9714.441,4814.29999,6190.317,5420.276,10092.77128442857,9534.034729383333
2015-11-18,12271.98,40.75,2,11,4,322,47,13168.33,14878.463,11361.91298,10206.562999,10132.842285857143,9660.855429716667
2015-11-19,10322.622995,40.55,3,11,4,323,47,9525.952,10880.691,10732.539896,10905.223,10004.792285857142,9691.19099705
2015-11-20,12022.107,39.39,4,11,4,324,47,11240.863996,11690.851,11876.420004,12583.195,10118.602428,9677.52710035
2015-11-21,10760.010994,39.39,5,11,4,325,47,10718.807995,11374.563,9146.047,9345.748,10230.20857142857,9682.383333550002
2015-11-22,5430.128998,39.39,6,11,4,326,47,5303.268,5886.876,11912.931004,10196.284996,10236.094714142857,9736.18213335
2015-11-23,11290.93498,39.27,0,11,4,327,48,10977.736,10443.728,10840.862995,10008.385,10254.217713857144,9520.08873315
2015-11-24,10622.567,40.89,1,11,4,328,48,9994.93801,9714.441,5281.570998,5028.03899,10298.960425285713,9535.09113265
2015-11-25,12388.645,41.22,2,11,4,329,48,12271.98,13168.33,10506.740004,9546.543,10388.621709571427,9713.124332716665
2015-11-26,9986.053,41.22,3,11,4,330,48,10322.622995,9525.952,10108.647,9275.025995,10405.288138142858,9775.854499250001
2015-11-27,11484.111,40.57,4,11,4,331,48,12022.107,11240.863996,12580.23802,13066.438002,10357.206710285715,9771.768032583333
2015-11-28,10330.686,40.57,5,11,4,332,48,10760.010994,10718.807995,9171.836,8407.379011,10280.350138857142,9735.23046525
2015-11-29,4798.263001,40.57,6,11,4,333,48,5430.128998,5303.268,10831.515,10104.487,10219.017996857143,9773.858798583333
2015-11-30,12012.977,40.43,0,11,4,334,49,11290.93498,10977.736,8829.708,9693.379004,10128.751425857143,9572.750398616667
2015-12-01,12664.0,40.58,1,12,4,335,49,10622.567,9994.93801,2994.41,4868.091998,10231.900285857144,9678.859365283333
2015-12-02,13733.519004,39.93,2,12,4,336,49,12388.645,12271.98,3036.4749995,11009.652004,10523.533571571428,10001.179031949998
2015-12-03,11284.07899,41.08,3,12,4,337,49,9986.053,10322.622995,4814.29999,9985.882999,10715.658429285715,10357.747165433333
2015-12-04,12985.974,40.0,4,12,4,338,49,11484.111,12022.107,14878.463,13598.77,10901.090713571428,10573.406465433332
2015-12-05,11084.104,40.0,5,12,4,339,49,10330.686,10760.010994,10880.691,10817.062,11115.642570714286,10510.323498766666
2015-12-06,5145.028,40.0,6,12,4,340,49,4798.263001,5430.128998,11690.851,10996.84596,11223.273713571429,10517.1039321
2015-12-07,12532.267,37.64,0,12,4,341,50,12012.977,11290.93498,11374.563,8846.294,11272.811570571428,10298.9098321
2015-12-08,10711.84701,37.46,1,12,4,342,50,12664.0,10622.567,5886.876,4674.22,11346.995856285715,10337.499965433333
2015-12-09,14404.59802,37.16,2,12,4,343,50,13733.519004,12388.645,10443.728,10686.636,11068.116857714285,10498.332332433334
2015-12-10,11815.342,36.76,3,12,4,344,50,11284.07899,9986.053,9714.441,10861.7821,11163.98528857143,10630.361333100002
2015-12-11,11765.727979,35.65,4,12,4,345,50,12985.974,11484.111,13168.33,15642.7368,11239.880004285715,10700.391366433334
2015-12-12,10731.189,35.65,5,12,4,346,50,11084.104,10330.686,9525.952,11736.022,11065.559144142857,10653.637965733333
2015-12-13,5255.996,35.65,6,12,4,347,50,5145.028,4798.263001,11240.863996,10623.036,11015.142715571428,10693.812532400001
2015-12-14,11772.483,36.31,0,12,4,348,51,12532.267,12012.977,10718.807995,10683.493995,11030.995287,10494.316932533333
2015-12-15,16521.089016,37.32,1,12,4,349,51,10711.84701,12664.0,5303.268,5008.342,10922.454715571428,10529.439432699999
2015-12-16,15815.478,35.55,2,12,4,350,51,14404.59802,13733.519004,10977.736,11730.244,11752.346430714286,10903.3667999
2015-12-17,12218.27397,34.98,3,12,4,351,51,11815.342,11284.07899,9994.93801,12286.737999,11953.900713571431,11064.624866566668
2015-12-18,14401.484,34.72,4,12,4,352,51,11765.727979,12985.974,12271.98,13995.168,12011.46242357143,11138.736065233334
2015-12-19,13374.578,34.72,5,12,4,353,51,10731.189,11084.104,10322.622995,11976.336026,12387.998998,11209.719531899998
2015-12-20,6992.16301,34.72,6,12,4,354,51,5255.996,5145.028,12022.107,13083.348,12765.625998000001,11311.451365399998
2015-12-21,14565.814,34.55,0,12,4,355,52,11772.483,12532.267,10760.010994,12562.634,13013.649856571428,11143.786565733333
2015-12-22,14846.071005000002,36.12,1,12,4,356,52,16521.089016,10711.84701,5430.128998,7662.177101,13412.697142285715,11270.646665933335
2015-12-23,16290.52,36.76,2,12,4,357,52,15815.478,14404.59802,11290.93498,13743.308,13173.408855,11584.511399500001
2015-12-24,13042.847,37.62,3,12,4,358,52,12218.27397,11815.342,10622.567,13523.496,13241.271997857142,11751.1642335
2015-12-26,8012.843,37.62,5,12,4,360,52,14401.484,11765.727979,12388.645,12834.101,13359.068145000001,11831.840233500001
2015-12-27,3182.498,37.62,6,12,4,361,52,13374.578,10731.189,9986.053,9701.673,12446.405145,11685.980166833333
2015-12-28,9120.024,36.36,0,12,4,362,53,6992.16301,5255.996,11484.111,6548.209,10990.39371642857,11459.195000166666
2015-12-29,9893.204,37.88,1,12,4,363,53,14565.814,11772.483,10330.686,2818.98,11294.373857857145,11380.392100166668
2015-12-30,14354.578,36.59,2,12,4,364,53,14846.071005000002,16521.089016,4798.263001,9580.585,10626.85814357143,11365.809366833333
2015-12-31,10587.376,37.13,3,12,4,365,53,16290.52,15815.478,12012.977,11038.835,10556.644857142857,11684.353200133333
2016-01-01,0.0,37.13,4,1,1,1,53,13042.847,12218.27397,12664.0,10756.988,9741.91,11636.833166800001
2016-01-02,8877.175,37.13,5,1,1,2,53,8012.843,14401.484,13733.519004,0.0,7878.646142857143,11214.699833466668
2016-01-03,5119.277,37.13,6,1,1,3,53,3182.498,13374.578,11284.07899,4797.803,8002.1221428571425,11052.8217
2016-01-04,14619.33902,36.81,0,1,1,4,1,9120.024,6992.16301,12985.974,5270.969,8278.804857142857,10847.328300333333
2016-01-05,12060.107,35.97,1,1,1,5,1,9893.204,14565.814,11084.104,3035.146999,9064.421288571428,10901.773801000001
2016-01-06,15928.654,33.97,2,1,1,6,1,14354.578,14846.071005000002,5145.028,8494.916000000001,9373.978860000001,10934.307234333333
2016-01-07,10556.557,33.29,3,1,1,7,1,10587.376,16290.52,12532.267,6931.214004,9598.846860000001,11293.761434333333
2016-01-08,12306.13303,33.2,4,1,1,8,1,0.0,13042.847,10711.84701,8341.813,9594.444145714286,11227.904434333332
2016-01-09,11423.130996,33.2,5,1,1,9,1,8877.175,8012.843,14404.59802,6301.89,11352.46315,11281.047301666667
2016-01-10,4931.47,33.2,6,1,1,10,1,5119.277,3182.498,11815.342,7622.522,11716.17114942857,11181.665067533333
2016-01-11,10816.629981,31.42,0,1,1,11,2,14619.33902,9120.024,11765.727979,7375.163,11689.341578000001,10952.202667533333
2016-01-12,11643.1551,30.42,1,1,1,12,2,12060.107,9893.204,10731.189,2930.321,11146.097429571428,10920.566067600002
2016-01-13,12719.307,30.42,2,1,1,13,2,15928.654,14354.578,5255.996,7320.509,11086.532872428574,10950.9649376
2016-01-14,11683.193,31.22,3,1,1,14,2,10556.557,10587.376,11772.483,7260.772019999999,10628.05472957143,11199.741970933334
2016-01-15,10941.234024,29.45,4,1,1,15,2,12306.13303,0.0,16521.089016,7455.815,10789.002729571428,11196.765637600001
2016-01-16,11929.99702,29.45,5,1,1,16,2,11423.130996,8877.175,15815.478,5525.603,10594.017157285713,11010.7704712
2016-01-17,5321.608001,29.45,6,1,1,17,2,4931.47,5119.277,12218.27397,7622.985,10666.426589285713,10881.254438533333
2016-01-18,11606.992003,29.45,0,1,1,18,3,10816.629981,14619.33902,14401.484,7521.470998,10722.160589428571,10651.365572899998
2016-01-19,10171.57902,28.47,1,1,1,19,3,11643.1551,12060.107,13374.578,2915.434,10835.069449714285,10558.215839666667
2016-01-20,13638.985,26.68,2,1,1,20,3,12719.307,15928.654,6992.16301,7185.957,10624.844295428571,10451.449207000001
2016-01-21,8854.23402,29.55,3,1,1,21,3,11683.193,10556.557,14565.814,6244.418000000001,10756.226866857143,10673.00994
2016-01-22,12126.907,32.07,4,1,1,22,3,10941.234024,12306.13303,14846.071005000002,7495.845,10352.089869714286,10482.623940666666
2016-01-23,10662.263995,32.07,5,1,1,23,3,11929.99702,11423.130996,16290.52,6531.595,10521.471723428573,10391.9851405
2016-01-24,4763.883998,32.07,6,1,1,24,3,5321.608001,4931.47,13042.847,7298.337,10340.367005571428,10204.376607
2016-01-25,10930.072001,30.31,0,1,1,25,4,11606.992003,10816.629981,8012.843,6537.567,10260.692148,9928.4111736
2016-01-26,10015.910995,29.54,1,1,1,26,4,10171.57902,11643.1551,3182.498,2610.260998,10163.989290571428,10025.652140299999
2016-01-27,12924.734,32.32,2,1,1,27,4,13638.985,12719.307,9120.024,6404.881,10141.751001285713,10253.432573466667
2016-01-28,9381.658,33.21,3,1,1,28,4,8854.23402,11683.193,9893.204,5989.554,10039.715144142858,10380.256240133334
2016-01-29,11233.454,33.66,4,1,1,29,4,12126.907,10941.234024,14354.578,7486.48202,10115.061426999999,10363.204706800001
2016-01-30,11390.704,33.66,5,1,1,30,4,10662.263995,11929.99702,10587.376,6773.12702,9987.425284142857,10259.167240133333
2016-01-31,5120.153,33.66,6,1,1,31,4,4763.883998,5321.608001,0.0,8636.572002,10091.488142,10285.944840133334
2016-02-01,11688.280001,31.62,0,2,1,32,5,10930.072001,11606.992003,8877.175,7274.061,10142.383713714285,10456.6166068
2016-02-02,10655.793,29.9,1,2,1,33,5,10015.910995,10171.57902,5119.277,3249.462,10250.699142285714,10550.320106833333
2016-02-03,14724.247,32.29,2,2,1,34,5,12924.734,13638.985,14619.33902,7915.997,10342.110857285714,10734.870640166666
2016-02-04,10220.617,31.63,3,2,1,35,5,9381.658,8854.23402,12060.107,7162.597,10599.184143,10738.367572833335
2016-02-05,11216.751975,30.86,4,2,1,36,5,11233.454,12126.907,15928.654,7345.590999999999,10719.035428714285,10677.051239499999
2016-02-06,10244.838,30.86,5,2,1,37,5,11390.704,10662.263995,10556.557,5934.152986,10716.649425142856,10519.987838666666
2016-02-07,2876.325,30.86,6,2,1,38,5,5120.153,4763.883998,12306.13303,7519.287,10552.954282285715,10509.597205333333
2016-02-08,3072.805996,29.71,0,2,1,39,6,11688.280001,10930.072001,11423.130996,6761.33098,10232.407425142856,10195.270271
2016-02-09,4195.352001,27.96,1,2,1,40,6,10655.793,10015.910995,4931.47,3035.288,9001.625424428572,9916.926104333334
2016-02-10,13452.689,27.54,2,2,1,41,6,14724.247,12924.734,10816.629981,6558.348980000001,8078.705281714285,9892.3888377
2016-02-11,10812.941004,26.19,3,2,1,42,6,10220.617,9381.658,11643.1551,6830.423,7897.054138857144,9980.257471666666
2016-02-12,12557.833,29.32,4,2,1,43,6,11216.751975,11233.454,12719.307,6718.368,7981.671853714286,9952.583668466666
2016-02-13,11195.6099,29.32,5,2,1,44,6,10244.838,11390.704,11683.193,6056.028,8173.254857285714,9947.2012018
2016-02-14,4687.693997,29.32,6,2,1,45,6,2876.325,5120.153,10941.234024,7323.950989,8309.079414428572,9930.9484318
2016-02-15,10982.73802,29.32,0,2,1,46,7,3072.805996,11688.280001,11929.99702,5419.901,8567.846414000001,9722.497097566666
2016-02-16,11976.383,29.05,1,2,1,47,7,4195.352001,10655.793,5321.608001,1926.741,9697.836703142859,9690.921797566667
2016-02-17,13849.123,30.68,2,2,1,48,7,13452.689,14724.247,11606.992003,2053.522,10809.412560142857,9912.747630866668
2016-02-18,9562.982,30.77,3,2,1,49,7,10812.941004,10220.617,10171.57902,1858.562,10866.045988714288,9987.485330766667
2016-02-19,12247.982,29.59,4,2,1,50,7,12557.833,11216.751975,13638.985,7123.381,10687.480416714285,9967.19876343333
2016-02-20,12201.808,29.59,5,2,1,51,7,11195.6099,10244.838,8854.23402,5408.486,10643.215988142856,9920.831996766667
2016-02-21,5360.734998,29.59,6,2,1,52,7,4687.693997,2876.325,12126.907,7950.327,10786.958573857144,10032.4177961
2016-02-22,10921.543,31.37,0,2,1,53,8,10982.73802,3072.805996,10662.263995,7214.185,10883.107288285715,9806.878729366666
2016-02-23,10211.301,31.84,1,2,1,54,8,11976.383,4195.352001,4763.883998,2932.0750000000003,10874.365142571429,9815.521362866666
2016-02-24,12944.691,30.35,2,2,1,55,8,13849.123,13452.689,10930.072001,6769.553,10622.210571142858,9997.101929600001
2016-02-25,8975.213,31.4,3,2,1,56,8,9562.982,10812.941004,10015.910995,6157.185001,10493.005999714285,10064.255896233335
2016-02-26,11287.46,31.65,4,2,1,57,8,12247.982,12557.833,12924.734,7147.01298,10409.038999714287,10029.565963066667
2016-02-27,11155.342,31.65,5,2,1,58,8,12201.808,11195.6099,9381.658,5764.931999,10271.821571142858,9974.990163066666
2016-02-28,4391.388,31.65,6,2,1,59,8,5360.734998,4687.693997,11233.454,7717.962,10122.326428285714,10034.112963066666
2016-02-29,10864.044,32.74,0,2,1,60,9,10921.543,10982.73802,11390.704,6960.8,9983.848285714284,9806.0440964
2016-03-01,11442.525,34.39,1,3,1,61,9,10211.301,11976.383,5120.153,3324.632,9975.634142857143,9788.488763066667
2016-03-02,14227.7637,34.57,2,3,1,62,9,12944.691,13849.123,11688.280001,6953.34,10151.523285714286,9999.2344964
2016-03-03,9907.659,34.56,3,3,1,63,9,8975.213,9562.982,10655.793,7073.354,10334.819385714287,10083.883953033333
2016-03-04,13024.52608,35.91,4,3,1,64,9,11287.46,12247.982,14724.247,7540.497,10468.025957142858,10058.946153033334
2016-03-05,12215.61,35.91,5,3,1,65,9,11155.342,12201.808,10220.617,6554.471,10716.178254285713,10002.288789033333
2016-03-06,5326.90499,35.91,6,3,1,66,9,4391.388,5360.734998,11216.751975,7240.657999999999,10867.645111428572,10068.7885557
2016-03-07,10398.266999,37.9,0,3,1,67,10,10864.044,10921.543,10244.838,7828.779001,11001.290395714284,9872.460322866666
2016-03-08,9925.632,36.67,1,3,1,68,10,11442.525,10211.301,2876.325,2879.174995,10934.750824142857,9877.574622833334
2016-03-09,13101.241,37.62,2,3,1,69,10,14227.7637,12944.691,3072.805996,8072.94,10718.051824142856,10112.551522833333
2016-03-10,9478.16,37.77,3,3,1,70,10,9907.659,8975.213,4195.352001,6833.652,10557.120009857143,10446.832689633333
2016-03-11,11767.093,38.51,4,3,1,71,10,13024.52608,11287.46,13452.689,7774.883,10495.763009857143,10622.9262896
2016-03-12,11222.854,38.51,5,3,1,72,10,12215.61,11155.342,10812.941004,5766.168,10316.129712714286,10566.739756266667
2016-03-13,4875.2819995,38.51,6,3,1,73,10,5326.90499,4391.388,12557.833,8347.092,10174.307427000002,10580.403522800001
2016-03-14,10366.963,37.2,0,3,1,74,11,10398.266999,10864.044,11195.6099,7518.053976,10109.789856928572,10324.318489450001
2016-03-15,10418.358004,36.32,1,3,1,75,11,9925.632,11442.525,4687.693997,2918.190998,10105.317857071428,10296.696926116669
2016-03-16,13500.63398,38.43,2,3,1,76,11,13101.241,14227.7637,10982.73802,6853.39699,10175.707286214285,10487.719059683333
2016-03-17,9876.26,40.17,3,3,1,77,11,9478.16,9907.659,11976.383,6218.916,10232.763426214286,10571.648925016665
2016-03-18,11310.90203,39.47,4,3,1,78,11,11767.093,13024.52608,13849.123,6410.72501,10289.634854785714,10501.644825016667
2016-03-19,11322.238,39.47,5,3,1,79,11,11222.854,12215.61,9562.982,6548.7370005,10224.464716214285,10417.037459349998
2016-03-20,5254.490998,39.47,6,3,1,80,11,4875.2819995,5326.90499,12247.982,8245.05602,10238.6624305,10475.679326016667
2016-03-21,10265.369,39.91,0,3,1,81,12,10366.963,10398.266999,12201.808,7184.04,10292.835144571427,10242.562959283334
2016-03-22,9954.13,41.45,1,3,1,82,12,10418.358004,9925.632,5360.734998,2979.585,10278.321716,10178.014992616667
2016-03-23,12646.128,38.28,2,3,1,83,12,13500.63398,13101.241,10921.543,6491.462,10212.003429714285,10331.128159349999
2016-03-24,12450.442998,38.14,3,3,1,84,12,9876.26,9478.16,10211.301,6742.714,10089.931146857143,10388.614326016666
2016-03-25,4112.867,38.14,4,3,1,85,12,11310.90203,11767.093,12944.691,7049.156,10457.671575142856,10463.252392616667
2016-03-26,7583.257,38.14,5,3,1,86,12,11322.238,11222.854,8975.213,5704.197,9429.380856571428,10168.858259283332
2016-03-27,4301.589,38.14,6,3,1,87,12,5254.490998,4875.2819995,11287.46,7472.078028,8895.240713714285,10122.45972595
2016-03-28,10090.241,37.99,0,3,1,88,13,10265.369,10366.963,11155.342,6809.218,8759.111856857144,9889.597359283332
2016-03-29,11029.38,36.91,1,3,1,89,13,9954.13,10418.358004,4391.388,2783.5039859999997,8734.093571142857,9854.093992616667
2016-03-30,12195.649,36.91,2,3,1,90,13,12646.128,13500.63398,10864.044,5858.376,8887.700714,10075.360392616665
2016-03-31,10097.373,36.94,3,3,1,91,13,12450.442998,9876.26,11442.525,6781.097,8823.346571142856,10119.747225950001
2016-04-01,13478.62,35.36,4,4,2,92,13,4112.867,11310.90203,14227.7637,8213.818,8487.193714285713,10074.908825949999
2016-04-02,12069.150979,35.36,5,4,2,93,13,7583.257,11322.238,9907.659,7032.032,9825.158428571429,10049.937369283334
2016-04-03,5694.664004,35.36,6,4,2,94,13,4301.589,5254.490998,13024.52608,2728.186,10466.000425571428,10121.987101916666
2016-04-04,11356.597021,34.3,0,4,2,95,14,10090.241,10265.369,12215.61,5479.481,10665.011140428573,9877.65836605
2016-04-05,10535.975,34.52,1,4,2,96,14,11029.38,9954.13,5326.90499,2643.16,10845.919143428571,9849.024600083334
2016-04-06,13216.21302,37.74,2,4,2,97,14,12195.649,12646.128,10398.266999,7388.703,10775.432714857143,10022.660267083333
2016-04-07,10163.651,37.3,3,4,2,98,14,10097.373,12450.442998,9925.632,7083.305,10921.227574857143,10116.591801116669
2016-04-08,11363.352,39.74,4,4,2,99,14,13478.62,4112.867,13101.241,7925.73098,10930.695860571428,10124.525767783332
2016-04-09,10749.706,39.74,5,4,2,100,14,12069.150979,7583.257,9478.16,6211.811996,10628.514717714284,10066.59613445
2016-04-10,5046.561004,39.74,6,4,2,101,14,5694.664004,4301.589,11767.093,7963.008,10440.022577857144,10108.981001116666
2016-04-11,10336.687001,40.46,0,4,2,102,15,11356.597021,10090.241,11222.854,7054.226,10347.436435,9884.963267916668
2016-04-12,9775.691,42.12,1,4,2,103,15,10535.975,11029.38,4875.2819995,2674.19298,10201.73500357143,9855.42436795
2016-04-13,12728.69002,41.7,2,4,2,104,15,13216.21302,12195.649,10366.963,6678.795,10093.123003571427,10018.771334633331
2016-04-14,9432.008,41.45,3,4,2,105,15,10163.651,10097.373,10418.358004,5800.545,10023.476860714287,10097.495568633332
2016-04-15,11725.045,40.4,4,4,2,106,15,11363.352,13478.62,13500.63398,6939.186,9918.956432142859,10064.617235166666
2016-04-16,10527.32201,40.4,5,4,2,107,15,10749.706,12069.150979,9876.26,6435.694996,9970.626860714287,10005.430935833334
2016-04-17,7741.658,40.4,6,4,2,108,15,5046.561004,5694.664004,11310.90203,6961.3590300000005,9938.857719285714,10027.133002833334
2016-04-18,21788.9,39.74,0,4,2,109,16,10336.687001,11356.597021,11322.238,7204.217,10323.871575857143,9908.158201833334
2016-04-19,20811.844,40.88,1,4,2,110,16,9775.691,10535.975,5254.490998,3230.33,11959.902004285716,10257.046935166667
2016-04-20,18575.06,42.72,2,4,2,111,16,12728.69002,13216.21302,10265.369,6955.54,13536.49529,10775.625368566665
2016-04-21,13637.779,43.18,3,4,2,112,16,9432.008,10163.651,9954.13,7215.342001,14371.691001428571,11052.615068566665
2016-04-22,15088.343,42.76,4,4,2,113,16,11725.045,11363.352,12646.128,9754.941,14972.515430000001,11175.403368566669
2016-04-23,11701.438,42.76,5,4,2,114,16,10527.32201,10749.706,12450.442998,6407.665,15452.986572857144,11256.810535233333
2016-04-24,5721.287,42.76,6,4,2,115,16,7741.658,5046.561004,4112.867,7730.524005,15620.717428571428,11231.843701966665
2016-04-25,9837.596,41.67,0,4,2,116,17,21788.9,10336.687001,7583.257,6822.64102,15332.093000000003,11285.457701966667
2016-04-26,10411.154,42.52,1,4,2,117,17,20811.844,9775.691,4301.589,2857.678,13624.763857142856,11360.6023353
2016-04-27,12491.929001,45.29,2,4,2,118,17,18575.06,12728.69002,10090.241,6661.12702,12138.951000000001,11564.254501966667
2016-04-28,10710.40198,46.03,3,4,2,119,17,13637.779,9432.008,11029.38,5705.07101,11269.932285857143,11644.310768666668
2016-04-29,12093.106999,45.98,4,4,2,120,17,15088.343,11725.045,12195.649,6987.636,10851.735568714286,11633.678168000002
2016-04-30,11891.135,45.98,5,4,2,121,17,11701.438,10527.32201,10097.373,6794.165,10423.844711428572,11630.260101299998
2016-05-01,5748.366,45.98,6,5,2,122,17,5721.287,7741.658,13478.62,2707.398,10450.944282857145,11690.052167966667
2016-05-02,11469.481,44.75,0,5,2,123,18,9837.596,21788.9,12069.150979,7231.594,10454.812711428573,11432.377034633335
2016-05-03,10635.6581,43.65,1,5,2,124,18,10411.154,20811.844,5694.664004,2732.77,10687.93914,11412.388035333333
2016-05-04,14285.435,43.77,2,5,2,125,18,12491.929001,18575.06,11356.597021,7291.053,10720.011154285716,11577.087838533334
2016-05-05,10964.97,44.33,3,5,2,126,18,10710.40198,13637.779,10535.975,7244.744,10976.226297,11674.715771166666
2016-05-06,13110.13,44.58,4,5,2,127,18,12093.106999,15088.343,13216.21302,8395.354998,11012.593157,11689.0156045
2016-05-07,12851.412,44.58,5,5,2,128,18,11891.135,11701.438,10163.651,6711.381,11157.882157142856,11685.479503833332
2016-05-08,4239.267,44.58,6,5,2,129,18,5748.366,5721.287,11363.352,8748.51098,11295.064585714284,11775.071537166667
2016-05-09,11749.036996,43.45,0,5,2,130,19,11469.481,9837.596,10749.706,8369.26198,11079.479014285713,11537.602037166665
2016-05-10,9276.519,44.68,1,5,2,131,19,10635.6581,10411.154,5046.561004,2382.026,11119.415585142857,11570.913070366667
2016-05-11,13033.325999,46.21,2,5,2,132,19,14285.435,12491.929001,10336.687001,7290.303,10925.25285657143,11711.911670233332
2016-05-12,9427.574999,46.64,3,5,2,133,19,10964.97,10710.40198,9775.691,7231.055981,10746.380142142856,11801.799636833333
2016-05-13,11462.110995,46.22,4,5,2,134,19,13110.13,12093.106999,12728.69002,8133.482,10526.752284857143,11790.195770133334
2016-05-14,11160.272,46.22,5,5,2,135,19,12851.412,11891.135,9432.008,6096.641,10291.320998428573,11747.9764693
2016-05-15,5386.157,46.22,6,5,2,136,19,4239.267,5748.366,11725.045,7561.868,10049.729569857143,11805.5852693
2016-05-16,12300.916004,47.72,0,5,2,137,20,11749.036996,11469.481,10527.32201,7289.329004,10213.57099842857,11594.289002633333
2016-05-17,10884.85,48.29,1,5,2,138,20,9276.519,10635.6581,7741.658,3015.681,10292.410856714285,11653.408802433334
2016-05-18,12762.789,48.12,2,5,2,139,20,13033.325999,14285.435,21788.9,7026.321,10522.172428142858,11758.1818691
2016-05-19,9360.158,48.16,3,5,2,140,20,9427.574999,10964.97,20811.844,7511.659,10483.524285428572,11457.311502433333
2016-05-20,12091.8381,47.67,4,5,2,141,20,11462.110995,13110.13,18575.06,8375.775,10473.893285571428,11075.588635766668
2016-05-21,11420.773,47.67,5,5,2,142,20,11160.272,12851.412,13637.779,6775.157,10563.85430057143,10859.4812391
2016-05-22,4919.231,47.67,6,5,2,143,20,5386.157,4239.267,15088.343,8283.12998,10601.068729142859,10785.5810391
2016-05-23,10053.379,48.12,0,5,2,144,21,12300.916004,11749.036996,11701.438,7028.643,10534.365014857143,10446.6106391
2016-05-24,9161.781,48.04,1,5,2,145,21,10884.85,9276.519,5721.287,3314.924,10213.2883,10391.675339100002
2016-05-25,12181.12301,49.1,2,5,2,146,21,12762.789,13033.325999,9837.596,7800.116,9967.135585714286,10506.358472433332
2016-05-26,10560.148,49.0,3,5,2,147,21,9360.158,9427.574999,10411.154,7897.662005,9884.040444285714,10584.476039433333
2016-05-27,5733.468,49.36,4,5,2,148,21,12091.8381,11462.110995,12491.929001,8700.202,10055.467587142859,10589.4425061
2016-05-28,8369.976998,49.36,5,5,2,149,21,11420.773,11160.272,10710.40198,7361.214,9147.129001428571,10364.160472733334
2016-05-29,4427.090002,49.36,6,5,2,150,21,4919.231,5386.157,12093.106999,8799.685003999999,8711.301001142858,10286.146306666666
2016-05-30,10979.74,49.36,0,5,2,151,22,10053.379,12300.916004,11891.135,8802.474,8640.995144285715,10030.612406766666
2016-05-31,12266.418001,49.1,1,5,2,152,22,9161.781,10884.85,5748.366,3854.498,8773.332429999999,10000.232573433334
2016-06-01,14458.383001,49.07,2,6,2,153,22,12181.12301,12762.789,11469.481,10818.649996,9216.852001571428,10217.500973466666
2016-06-02,9705.669,49.14,3,6,2,154,22,10560.148,9360.158,10635.6581,11220.017,9542.174857428572,10317.131040166667
2016-06-03,13409.14998,48.69,4,6,2,155,22,5733.468,12091.8381,14285.435,15224.785004,9420.106428857142,10286.131403500001
2016-06-04,11465.81,48.69,5,6,2,156,22,8369.976998,11420.773,10964.97,9580.316,10516.632426,10256.921902833334
2016-06-05,4929.354,48.69,6,6,2,157,22,4427.090002,4919.231,13110.13,12002.99,10958.894283428572,10273.6165695
2016-06-06,11100.488,49.71,0,6,2,158,23,10979.74,10053.379,12851.412,10939.875,11030.646283142856,10000.924036166667
2016-06-07,10283.343,50.37,1,6,2,159,23,12266.418001,9161.781,4239.267,3906.407,11047.89599742857,9942.559902833334
2016-06-08,13536.554,51.23,2,6,2,160,23,14458.383001,12181.12301,11749.036996,11190.642976,10764.599568714286,10144.029102833334
2016-06-09,8121.008,50.52,3,6,2,161,23,9705.669,10560.148,9276.519,9290.694,10632.909711428572,10203.613002966666
2016-06-10,12087.85497,49.09,4,6,2,162,23,13409.14998,5733.468,13033.325999,12264.93802,10406.529568571428,10165.095969633334
2016-06-11,10788.66,49.09,5,6,2,163,23,11465.81,8369.976998,9427.574999,9291.9571,10217.773138571429,10133.580268666668
2016-06-12,4864.933003,49.09,6,6,2,164,23,4929.354,4427.090002,11462.110995,10896.572,10121.037424285716,10178.9497687
2016-06-13,10556.533,48.89,0,6,2,165,24,11100.488,10979.74,11160.272,10652.519,10111.834424714285,9959.043835633334
2016-06-14,9464.089,48.49,1,6,2,166,24,10283.343,12266.418001,5386.157,5093.6009995,10034.126567571428,9938.9192023
2016-06-15,13223.444994,47.92,2,6,2,167,24,13536.554,14458.383001,12300.916004,10368.812,9917.090281857145,10074.850268966667
2016-06-16,9832.851,46.14,3,6,2,168,24,8121.008,9705.669,10884.85,10782.219,9872.360423857142,10105.6012353
2016-06-17,11649.69499,48.0,4,6,2,169,24,12087.85497,13409.14998,12762.789,13632.879,10116.909423857142,10070.534601966667
2016-06-18,11453.529,48.0,5,6,2,170,24,10788.66,11465.81,9360.158,9501.738,10054.315141,10033.4314683
2016-06-19,4765.486004,48.0,6,6,2,171,24,4864.933003,4929.354,12091.8381,11995.303,10149.296426714285,10103.210501633332
2016-06-20,10805.30802,49.4,0,6,2,172,25,10556.533,11100.488,11420.773,11892.822998,10135.08971257143,9858.9987651
2016-06-21,9622.353,48.95,1,6,2,173,25,9464.089,10283.343,4919.231,4066.430002,10170.629001142855,9838.483265766667
2016-06-22,13056.30502,49.16,2,6,2,174,25,13223.444994,13536.554,10053.379,10925.374,10193.238144,9995.2539991
2016-06-23,9335.041,49.34,3,6,2,175,25,9832.851,8121.008,9161.781,10133.63,10169.361004857143,10095.3515331
2016-06-24,10689.319001,46.7,4,6,2,176,25,11649.69499,12087.85497,12181.12301,12143.965001,10098.245290571429,10101.126866433333
2016-06-25,10858.349,46.7,5,6,2,177,25,11453.529,10788.66,10560.148,9261.524999,9961.048720714285,10051.400066133332
2016-06-26,5208.754,46.7,6,6,2,178,25,4765.486004,4864.933003,5733.468,10684.28,9876.023006428572,10061.340099466666
2016-06-27,10682.921996,45.8,0,6,2,179,26,10805.30802,10556.533,8369.976998,10663.54702,9939.347005857142,10043.8496328
2016-06-28,10853.04,47.93,1,6,2,180,26,9622.353,9464.089,4427.090002,5360.274,9921.863288142855,10120.947799399999
2016-06-29,11766.3019,49.85,2,6,2,181,26,13056.30502,13223.444994,10979.74,10540.696,10097.675716714284,10335.146132666667
2016-06-30,9096.679,48.27,3,6,2,182,26,9335.041,9832.851,12266.418001,10627.11,9913.389556714286,10361.364862666667
2016-07-01,13323.116,49.02,4,7,3,183,26,10689.319001,11649.69499,14458.383001,14017.068,9879.337842428571,10255.706895966667
2016-07-02,11189.01,49.02,5,7,3,184,26,10858.349,11453.529,9705.669,10896.185,10255.59455657143,10217.8646626
2016-07-03,5190.026001,49.02,6,7,3,185,26,5208.754,4765.486004,13409.14998,14673.134,10302.831842285714,10267.309362599999
2016-07-04,11803.014,49.02,0,7,3,186,27,10682.921996,10805.30802,11465.81,10654.451996,10300.156413857143,9993.3385633
2016-07-05,10130.962,46.73,1,7,3,187,27,10853.04,9622.353,4929.354,3709.089,10460.169557285715,10004.578696633333
2016-07-06,13442.464001,47.37,2,7,3,188,27,11766.3019,13056.30502,11100.488,7419.557102,10357.015557285715,10177.965629966666
2016-07-07,9581.654,45.22,3,7,3,189,27,9096.679,9335.041,10283.343,0.0,10596.467286,10256.031496666666
2016-07-08,12255.994996,45.37,4,7,3,190,27,13323.116,10689.319001,13536.554,13489.635,10665.749428857143,10232.641863333332
2016-07-09,10081.31,45.37,5,7,3,191,27,11189.01,10858.349,8121.008,11945.477,10513.303571142857,10189.9565632
2016-07-10,4455.012,45.37,6,7,3,192,27,5190.026001,5208.754,12087.85497,11837.584,10355.060714000001,10255.299963200001
2016-07-11,9984.0429995,44.73,0,7,3,193,28,11803.014,10682.921996,10788.66,10827.921,10250.058713857143,10000.871864199999
2016-07-12,9085.745,46.82,1,7,3,194,28,10130.962,10853.04,4864.933003,4177.606,9990.205713785715,9974.051297516668
2016-07-13,13147.682,44.87,2,7,3,195,28,13442.464001,11766.3019,10556.533,10697.79202,9840.8889995,10114.74503075
2016-07-14,9209.611,45.64,3,7,3,196,28,9581.654,9096.679,9464.089,10799.032,9798.777285071428,10201.116664083333
2016-07-15,12075.518,45.93,4,7,3,197,28,12255.994996,13323.116,13223.444994,13195.295,9745.628285071429,10192.634064083333
2016-07-16,11613.16,45.93,5,7,3,198,28,10081.31,11189.01,9832.851,9919.048,9719.845857071428,10154.36983095
2016-07-17,4815.242,45.93,6,7,3,199,28,4455.012,5190.026001,11649.69499,13125.63702,9938.681571357143,10213.713464283333
2016-07-18,10712.03,45.23,0,7,3,200,29,9984.0429995,11803.014,11453.529,9208.722,9990.142999928572,9985.898364616667
2016-07-19,9928.27,44.64,1,7,3,201,29,9085.745,10130.962,4765.486004,3800.270999,10094.141142857143,9961.181731283335
2016-07-20,12154.349001,44.96,2,7,3,202,29,13147.682,13442.464001,10805.30802,11011.89198,10214.501857142857,10133.27453115
2016-07-21,9637.363001,43.96,3,7,3,203,29,9209.611,9581.654,9622.353,9104.631,10072.597143,10178.24256385
2016-07-22,11491.652002,43.41,4,7,3,204,29,12075.518,12255.994996,13056.30502,11947.509,10133.704571714286,10178.742897216667
2016-07-23,10016.80702,43.41,5,7,3,205,29,11613.16,10081.31,9335.041,9161.459996,10050.29514342857,10126.587796616666
2016-07-24,4713.034004,43.41,6,7,3,206,29,4815.242,4455.012,10689.319001,10920.393996,9822.244717714286,10149.313330616667
2016-07-25,9436.25702,42.4,0,7,3,207,30,10712.03,9984.0429995,10858.349,9325.048,9807.643575428572,9950.103830716665
2016-07-26,9554.54602,42.16,1,7,3,208,30,9928.27,9085.745,5208.754,4316.108,9625.39029257143,9902.700764716667
2016-07-27,12775.538004,41.9,2,7,3,209,30,12154.349001,13147.682,10682.921996,10285.238025,9572.001152571427,10047.560498716666
2016-07-28,9542.752,41.13,3,7,3,210,30,9637.363001,9209.611,10853.04,10234.318,9660.742438714286,10117.31436565
2016-07-29,9758.121998,41.54,4,7,3,211,30,11491.652002,12075.518,11766.3019,11816.024,9647.226581428573,10073.638098983334
2016-07-30,11566.888,41.54,5,7,3,212,30,10016.80702,11613.16,9096.679,8889.634,9399.579438,10006.698768916665
2016-07-31,4311.997,41.54,6,7,3,213,30,4713.034004,4815.242,13323.116,11201.103,9621.019578000001,10089.039068916667
2016-08-01,12144.727,40.05,0,8,3,214,31,9436.25702,10712.03,11189.01,10732.418,9563.728577428572,9788.668435583333
2016-08-02,9494.01,39.5,1,8,3,215,31,9554.54602,9928.27,5190.026001,4353.509001,9950.652860285714,9820.525668916667
2016-08-03,13925.177,40.8,2,8,3,216,31,12775.538004,12154.349001,11803.014,11232.437,9942.004857428572,9963.991802216666
2016-08-04,9420.414,41.92,3,8,3,217,31,9542.752,9637.363001,10130.962,11271.805,10106.238999714285,10034.730568883335
2016-08-05,12272.125,41.83,4,8,3,218,31,9758.121998,11491.652002,13442.464001,13591.66798,10088.76214257143,10011.045635550001
2016-08-06,10434.342979,41.83,5,8,3,219,31,11566.888,10016.80702,9581.654,9605.14298,10447.905428571428,9972.034335516666
2016-08-07,4169.782,41.83,6,8,3,220,31,4311.997,4713.034004,12255.994996,11324.413002,10286.113282714285,10000.457301483335
2016-08-08,10804.048,43.06,0,8,3,221,32,12144.727,9436.25702,10081.31,7799.07799,10265.796854142856,9730.916868283331
2016-08-09,10174.669999,42.78,1,8,3,222,32,9494.01,9554.54602,4455.012,3415.9280005,10074.271282714284,9755.00813495
2016-08-10,11856.648,41.75,2,8,3,223,32,13925.177,12775.538004,9984.0429995,3297.028,10171.508425428572,9945.663401583333
2016-08-11,10465.866,43.51,3,8,3,224,32,9420.414,9542.752,9085.745,10789.077001,9876.00428257143,10008.083568266667
2016-08-12,5260.085,44.47,4,8,3,225,32,12272.125,9758.121998,13147.682,12936.002,10025.354568285713,10054.0876016
2016-08-13,7312.681,44.47,5,8,3,226,32,10434.342979,11566.888,9209.611,8779.985,9023.634568285715,9791.167701600001
2016-08-14,3548.144,44.47,6,8,3,227,32,4169.782,4311.997,12075.518,13938.9,8577.682857,9727.9367016
2016-08-15,11907.947996,45.72,0,8,3,228,33,10804.048,12144.727,11613.16,12373.519,8488.877428428572,9443.6909016
2016-08-16,9939.011,46.57,1,8,3,229,33,10174.669999,9494.01,4815.242,3926.107,8646.577427857143,9453.517168133334
2016-08-17,12498.141,46.81,2,8,3,230,33,11856.648,13925.177,10712.03,10466.366,8612.911856571429,9624.309468133335
2016-08-18,8957.776995,48.2,3,8,3,231,33,10465.866,9420.414,9928.27,9904.44302,8704.553713714286,9683.846501466667
2016-08-19,10769.785004,48.48,4,8,3,232,33,5260.085,12272.125,12154.349001,11504.925,8489.112427285714,9651.496734633334
2016-08-20,10097.733,48.48,5,8,3,233,33,7312.681,10434.342979,9637.363001,9398.781004,9276.212427857143,9605.3446014
2016-08-21,4166.414,48.48,6,8,3,234,33,3548.144,4169.782,11491.652002,11087.339,9674.076999285715,9620.690268033333
2016-08-22,10244.09699,46.8,0,8,3,235,34,11907.947996,10804.048,10016.80702,9964.302001,9762.401285,9376.515667966665
2016-08-23,9993.56,47.54,1,8,3,236,34,9939.011,10174.669999,4713.034004,3763.293008,9524.708284142858,9384.0920003
2016-08-24,12837.78,46.29,2,8,3,237,34,12498.141,11856.648,9436.25702,10101.54202,9532.500998428572,9560.1095335
2016-08-25,8691.55101,46.97,3,8,3,238,34,8957.776995,10465.866,9554.54602,9781.127996,9581.020855571429,9673.493632833333
2016-08-26,10805.095,47.64,4,8,3,239,34,10769.785004,5260.085,12775.538004,12433.10302,9542.988572,9644.7271325
2016-08-27,9745.501,47.64,5,8,3,240,34,10097.733,7312.681,9542.752,9429.452,9548.032857142856,9579.045699033333
2016-08-28,4595.423,47.64,6,8,3,241,34,4166.414,3548.144,9758.121998,10835.361,9497.713999999998,9585.803999033333
2016-08-29,9710.813,46.97,0,8,3,242,35,10244.09699,11907.947996,11566.888,10441.452979,9559.001,9413.714032433334
2016-08-30,9319.313,46.32,1,8,3,243,35,9993.56,9939.011,4311.997,4213.56,9482.81757285714,9351.844865766667
2016-08-31,12753.023,44.68,2,8,3,244,35,12837.78,12498.141,12144.727,10322.236,9386.496572857142,9518.7553991
2016-09-01,11201.878996,43.17,3,9,3,245,35,8691.55101,8957.776995,9494.01,10823.672,9374.38843,9539.031932433334
2016-09-02,11980.501,44.39,4,9,3,246,35,10805.095,10769.785004,13925.177,14177.1541,9733.006713714287,9595.960898966667
2016-09-03,10913.0429,44.39,5,9,3,247,35,9745.501,10097.733,9420.414,11522.89,9900.921856571429,9531.138365633331
2016-09-04,5041.814,44.39,6,9,3,248,35,4595.423,4166.414,12272.125,12174.21304,10067.713556571427,9580.892662299999
2016-09-05,10881.009,44.39,0,9,3,249,36,9710.813,10244.09699,10434.342979,11078.508996,10131.483699428572,9339.882295633333
2016-09-06,11120.047,44.85,1,9,3,250,36,9319.313,9993.56,4169.782,4625.906988,10298.65455657143,9354.771163
2016-09-07,12384.205,45.47,2,9,3,251,36,12753.023,12837.78,10804.048,10480.783001,10555.902270857143,9586.446663
2016-09-08,9683.909,47.63,3,9,3,252,36,11201.878996,8691.55101,10174.669999,10211.097996,10503.213985142856,9639.118563
2016-09-09,11860.668,45.88,4,9,3,253,36,11980.501,10805.095,11856.648,13040.415,10286.361128571429,9622.759863033332
2016-09-10,10815.429,45.88,5,9,3,254,36,10913.0429,9745.501,10465.866,8941.558,10269.242128571428,9622.893863033332
2016-09-11,4392.577001,45.88,6,9,3,255,36,5041.814,4595.423,5260.085,11486.983,10255.297285714287,9634.545963033333
2016-09-12,11500.15,46.28,0,9,3,256,37,10881.009,9710.813,7312.681,11174.742,10162.549143,9605.629029733333
2016-09-13,9904.759,44.91,1,9,3,257,37,11120.047,9319.313,3548.144,4580.307,10250.997857285713,9745.211329733334
2016-09-14,12078.072,43.62,2,9,3,258,37,12384.205,12753.023,11907.947996,11033.97902,10077.385285857143,9957.098496399998
2016-09-15,9122.126,43.85,3,9,3,259,37,9683.909,11201.878996,9939.011,9584.504005,10033.652000142856,9962.769296533334
2016-09-16,11882.457,43.04,4,9,3,260,37,11860.668,11980.501,12498.141,13039.082,9953.397285857141,9935.539796533332
2016-09-17,11323.476,43.04,5,9,3,261,37,10815.429,10913.0429,8957.776995,9516.80601,9956.510000142856,9915.016996533332
2016-09-18,5216.363998,43.04,6,9,3,262,37,4392.577001,5041.814,10769.785004,11796.214,10029.088143,9993.873630033335
2016-09-19,10883.877,43.34,0,9,3,263,38,11500.15,10881.009,10097.733,11620.016,10146.771999714287,9808.7595965
2016-09-20,10206.429,43.85,1,9,3,264,38,9904.759,11120.047,4166.414,4794.836998,10058.732999714286,9834.9643965
2016-09-21,12363.738,45.33,2,9,3,265,38,12078.072,12384.205,10244.09699,10235.09098,10101.828714,10036.298229833334
2016-09-22,9432.738,46.1,3,9,3,266,38,9122.126,9683.909,9993.56,10459.358998,10142.63814257143,10106.952930166668
2016-09-23,10815.502,44.36,4,9,3,267,38,11882.457,11860.668,12837.78,12247.307996,10187.01128542857,10088.258863500001
2016-09-24,10609.752,44.36,5,9,3,268,38,11323.476,10815.429,8691.55101,9829.34,10034.589142571427,10020.849596833334
2016-09-25,4849.326999,44.36,6,9,3,269,38,5216.363998,4392.577001,10805.095,11487.514,9932.628571142859,10084.789629833334
2016-09-26,9527.791,45.6,0,9,3,270,39,10883.877,11500.15,9745.501,11807.678,9880.194714142857,9886.2640298
2016-09-27,9061.425,44.65,1,9,3,271,39,10206.429,9904.759,4595.423,5477.675,9686.468142714284,9879.0070298
2016-09-28,12834.586,47.07,2,9,3,272,39,12363.738,12078.072,9710.813,10526.361001,9522.896142714284,10027.873763133333
2016-09-29,8301.976996,47.72,3,9,3,273,39,9432.738,9122.126,9319.313,9930.759,9590.160142714287,10131.9995298
2016-09-30,10821.204999,47.72,4,9,3,274,39,10815.502,11882.457,12753.023,13924.853,9428.622856428572,10098.088329666667
2016-10-01,13471.048,47.72,5,10,4,275,39,10609.752,11323.476,11201.878996,10349.178,9429.437570571428,10033.6943963
2016-10-02,5984.562,47.72,6,10,4,276,39,4849.326999,5216.363998,11980.501,12496.113,9838.194141999998,10109.3333631
2016-10-03,12352.342,48.8,0,10,4,277,40,9527.791,10883.877,10913.0429,13521.371998,10000.370570714285,9909.468729766668
2016-10-04,11219.523,48.67,1,10,4,278,40,9061.425,10206.429,5041.814,5665.602001,10403.877856428571,9957.445366433334
2016-10-05,14663.82,49.75,2,10,4,279,40,12834.586,12363.738,10881.009,12970.47302,10712.177570714284,10163.368999766668
2016-10-06,10373.368,50.44,3,10,4,280,40,8301.976996,9432.738,11120.047,10625.603005,10973.496713571429,10289.462699766667
2016-10-07,11417.003,49.76,4,10,4,281,40,10821.204999,10815.502,12384.205,12806.892,11269.40971414286,10264.573399766667
2016-10-08,11489.716,49.76,5,10,4,282,40,13471.048,10609.752,9683.909,10490.668,11354.523714285713,10232.3333331
2016-10-09,5817.9179970000005,49.76,6,10,4,283,40,5984.562,4849.326999,11860.668,5316.309,11071.476285714287,10292.526899766668
2016-10-10,11018.04,49.76,0,10,4,284,41,12352.342,9527.791,10815.429,8891.894,11047.669999571428,10091.101899666666
2016-10-11,9537.574,50.72,1,10,4,285,41,11219.523,9061.425,4392.577001,4047.962,10857.05542814286,10097.855599666666
2016-10-12,13642.59002,50.14,2,10,4,286,41,14663.82,12834.586,11500.15,10893.578,10616.77699957143,10269.355499633333
2016-10-13,8896.14,50.47,3,10,4,287,41,10373.368,8301.976996,9904.759,9934.782,10470.887002428572,10340.770166966666
2016-10-14,12179.376,50.35,4,10,4,288,41,11417.003,10821.204999,12078.072,12616.05704,10259.854431,10307.149533633334
2016-10-15,11255.32,50.35,5,10,4,289,41,11489.716,13471.048,9122.126,9524.846996,10368.764859571429,10310.526333633334
2016-10-16,6231.972003,50.35,6,10,4,290,41,5817.9179970000005,5984.562,11882.457,13036.786,10335.279716714285,10381.6328003
2016-10-17,11523.686,49.97,0,10,4,291,42,11018.04,12352.342,11323.476,12073.70598,10394.430288999998,10193.2833004
2016-10-18,10030.23,50.3,1,10,4,292,42,9537.574,11219.523,5216.363998,6190.317,10466.665431857142,10199.956967066666
2016-10-19,13910.232,51.59,2,10,4,293,42,13642.59002,14663.82,10883.877,11361.91298,10537.044860428572,10360.419167133334
2016-10-20,9996.057024,50.31,3,10,4,294,42,8896.14,10373.368,10206.429,10732.539896,10575.279429,10461.297667133334
2016-10-21,11863.349,50.61,4,10,4,295,42,12179.376,11417.003,12363.738,11876.420004,10732.41043242857,10454.285267933334
2016-10-22,11588.332993,50.61,5,10,4,296,42,11255.32,11489.716,9432.738,9146.047,10687.263718142856,10437.6056346
2016-10-23,5474.39801,50.61,6,10,4,297,42,6231.972003,5817.9179970000005,10815.502,11912.931004,10734.837002857143,10509.458801033332
2016-10-24,9700.549002,50.18,0,10,4,298,43,11523.686,11018.04,10609.752,10840.862995,10626.612146714284,10331.422001366667
2016-10-25,10842.730996,49.45,1,10,4,299,43,10030.23,9537.574,4849.326999,5281.570998,10366.164004142858,10301.115234766668
2016-10-26,12265.287004,48.75,2,10,4,300,43,13910.232,13642.59002,9527.791,10506.740004,10482.235575,10500.895368
2016-10-27,10419.897,49.71,3,10,4,301,43,9996.057024,8896.14,9061.425,10108.647,10247.243432714286,10592.1452348
2016-10-28,12202.652,48.72,4,10,4,302,43,11863.349,12179.376,12834.586,12580.23802,10307.792000714286,10637.4276348
2016-10-29,10820.421001,48.72,5,10,4,303,43,11588.332993,11255.32,8301.976996,9171.836,10356.263857857144,10616.363168133334
2016-10-30,5327.120001,48.72,6,10,4,304,43,5474.39801,6231.972003,10821.204999,10831.515,10246.562144714286,10700.311301633334
2016-10-31,8670.588,46.83,0,10,4,305,44,9700.549002,11523.686,13471.048,8829.708,10225.522429142859,10517.175135033334
2016-11-01,13544.816,46.66,1,11,4,306,44,10842.730996,10030.23,5984.562,2994.41,10078.385143142857,10357.159801700001
2016-11-02,4795.6849999999995,45.32,2,11,4,307,44,12265.287004,13910.232,12352.342,3036.4749995,10464.39728657143,10609.168268366666
2016-11-03,4060.610998,44.66,3,11,4,308,44,10419.897,9996.057024,11219.523,4814.29999,9397.311286,10357.2797017
2016-11-04,7825.10398,44.07,4,11,4,309,44,12202.652,11863.349,14663.82,14878.463,8488.841857142857,10118.649301633333
2016-11-05,7759.131002,44.07,5,11,4,310,44,10820.421001,11588.332993,10373.368,10880.691,7863.477854285714,9890.692100966666
2016-11-06,5002.124,44.07,6,11,4,311,44,5327.120001,5474.39801,11417.003,11690.851,7426.1507115714285,9803.5508677
2016-11-07,11862.516,44.88,0,11,4,312,45,8670.588,9700.549002,11489.716,11374.563,7379.7227114285715,9589.7215677
2016-11-08,11983.032996,44.96,1,11,4,313,45,13544.816,10842.730996,5817.9179970000005,5886.876,7835.712425714285,9602.148234366667
2016-11-09,18148.644,45.2,2,11,4,314,45,4795.6849999999995,12265.287004,11018.04,10443.728,7612.600568,9807.652067666668
2016-11-10,10272.176,44.62,3,11,4,315,45,4060.610998,10419.897,9537.574,9714.441,9520.166139428571,10045.338867666667
2016-11-11,11401.809,43.39,4,11,4,316,45,7825.10398,12202.652,13642.59002,13168.33,10407.532568285713,10069.825600999999
2016-11-12,11313.099,43.39,5,11,4,317,45,7759.131002,10820.421001,8896.14,9525.952,10918.490428285713,9995.132900333332
2016-11-13,5858.185005,43.39,6,11,4,318,45,5002.124,5327.120001,12179.376,11240.863996,11426.200142285714,10075.698200333332
2016-11-14,11653.468,43.29,0,11,4,319,46,11862.516,8670.588,11255.32,10718.807995,11548.49457157143,9864.991833833334
2016-11-15,10954.451,45.86,1,11,4,320,46,11983.032996,13544.816,6231.972003,5303.268,11518.630571571428,9878.263433833334
2016-11-16,14448.00501,45.56,2,11,4,321,46,18148.644,4795.6849999999995,11523.686,10977.736,11371.690286428571,10035.6794004
2016-11-17,10255.081,45.37,3,11,4,322,46,10272.176,4060.610998,10030.23,9994.93801,10843.027573571428,10133.156700733332
2016-11-18,12403.906,45.69,4,11,4,323,46,11401.809,7825.10398,13910.232,12271.98,10840.585430714285,10140.651734066665
2016-11-19,11965.2,45.69,5,11,4,324,46,11313.099,7759.131002,9996.057024,10322.622995,10983.742145,10090.4408674
2016-11-20,5618.854002,45.69,6,11,4,325,46,5858.185005,5002.124,11863.349,12022.107,11076.899430714286,10156.0789666
2016-11-21,12567.545,47.48,0,11,4,326,47,11653.468,11862.516,11588.332993,10760.010994,11042.709287428572,9947.929133333333
2016-11-22,10341.23898,48.07,1,11,4,327,47,10954.451,11983.032996,5474.39801,5430.128998,11173.291715999998,9980.569533566666
2016-11-23,14044.713,46.72,2,11,4,328,47,14448.00501,18148.644,9700.549002,11290.93498,11085.689998857142,10142.7975659
2016-11-24,9578.2620005,46.72,3,11,4,329,47,10255.081,10272.176,10842.730996,10622.567,11028.076854571429,10287.6030325
2016-11-25,12120.162,46.72,4,11,4,330,47,12403.906,11401.809,12265.287004,12388.645,10931.388426071428,10245.454065983333
2016-11-26,10752.353,46.72,5,11,4,331,47,11965.2,11313.099,10419.897,9986.053,10890.853568928573,10240.616565850001
2016-11-27,4871.082,46.72,6,11,4,332,47,5618.854002,5858.185005,12202.652,11484.111,10717.589711785713,10251.698432516667
2016-11-28,11982.59,45.66,0,11,4,333,48,12567.545,11653.468,10820.421001,10330.686,10610.76514007143,10007.31276585
2016-11-29,10437.893,45.29,1,11,4,334,48,10341.23898,10954.451,5327.120001,4798.263001,10527.200140071427,10046.051732483333
2016-11-30,14347.259,49.41,2,11,4,335,48,14044.713,14448.00501,8670.588,12012.977,10541.007857214285,10216.41083245
2016-12-01,11421.137991,51.08,3,12,4,336,48,9578.2620005,10255.081,13544.816,12664.0,10584.228714357143,10405.633199116664
2016-12-02,15683.887,51.7,4,12,4,337,48,12120.162,12403.906,4795.6849999999995,13733.519004,10847.496713,10334.84393215
2016-12-03,11322.29602,51.7,5,12,4,338,48,10752.353,11965.2,4060.610998,11284.07899,11356.60028442857,10697.783998816665
2016-12-04,6015.824004,51.7,6,12,4,339,48,4871.082,5618.854002,7825.10398,12985.974,11438.020715857143,10939.840166216665
2016-12-05,10911.071,51.72,0,12,4,340,49,11982.59,12567.545,7759.131002,11084.104,11601.555287857143,10879.530833683333
2016-12-06,4684.176,50.95,1,12,4,341,49,10437.893,10341.23898,5002.124,5145.028,11448.481145,10984.595500283333
2016-12-07,15846.475,49.85,2,12,4,342,49,14347.259,14044.713,11862.516,12532.267,10626.521573571428,10973.997233616667
2016-12-08,11358.607,50.84,3,12,4,343,49,11421.137991,9578.2620005,11983.032996,10711.84701,10840.695287857143,11106.79586695
2016-12-09,14351.003,51.51,4,12,4,344,49,15683.887,12120.162,18148.644,14404.59802,10831.762289142858,11085.981667083333
2016-12-10,11562.999,51.51,5,12,4,345,49,11322.29602,10752.353,10272.176,11815.342,10641.350289142856,10959.39363375
2016-12-11,5606.629003,51.51,6,12,4,346,49,6015.824004,4871.082,11401.809,11765.727979,10675.736429142857,11002.421067083334
2016-12-12,11609.916,52.74,0,12,4,347,50,10911.071,11982.59,11313.099,10731.189,10617.280000428571,10809.248400516666
2016-12-13,14288.602001,52.99,1,12,4,348,50,4684.176,10437.893,5858.185005,5255.996,10717.115000428572,10819.142300516667
2016-12-14,15157.958,51.01,2,12,4,349,50,15846.475,14347.259,11653.468,11772.483,12089.175857714286,11100.156200383333
2016-12-15,12080.25601,50.9,3,12,4,350,50,11358.607,11421.137991,10954.451,16521.089016,11990.816286285713,11216.972533716667
2016-12-16,13946.75797,51.93,4,12,4,351,50,14351.003,15683.887,14448.00501,15815.478,12093.909002,11254.499367383334
2016-12-17,13100.65,51.93,5,12,4,352,50,11562.999,11322.29602,10255.081,12218.27397,12036.159711999999,11237.791132716666
2016-12-18,7932.707999,51.93,6,12,4,353,50,5606.629003,6015.824004,12403.906,14401.484,12255.824140571427,11332.643432716668
2016-12-19,14722.579,52.13,0,12,4,354,51,11609.916,10911.071,11965.2,13374.578,12588.12114,11183.60349935
2016-12-20,14684.381,52.22,1,12,4,355,51,14288.602001,4684.176,5618.854002,6992.16301,13032.787282857142,11275.516132683335
2016-12-21,17926.17498,51.44,2,12,4,356,51,15157.958,15846.475,12567.545,14565.814,13089.327139857143,11577.70036595
2016-12-22,15938.702,51.98,3,12,4,357,51,12080.25601,11358.607,10341.23898,14846.071005000002,13484.786708428572,11756.321365283333
2016-12-23,18554.34204,52.01,4,12,4,358,51,13946.75797,14351.003,14044.713,16290.52,14035.993278428574,11942.90346595
2016-12-24,12963.608,52.01,5,12,4,359,51,13100.65,11562.999,9578.2620005,13042.847,14694.219574142859,12093.22443395
2016-12-26,3715.753,52.01,0,12,4,361,52,7932.707999,5606.629003,12120.162,8012.843,14674.64214557143,12206.0693006
2016-12-27,12157.823,52.82,1,12,4,362,52,14722.579,11609.916,10752.353,3182.498,14072.220002857142,11925.922333933333
2016-12-28,12144.918,54.01,2,12,4,363,52,14684.381,14288.602001,4871.082,9120.024,13705.82628857143,11972.771333933333
2016-12-29,10244.317014,53.8,3,12,4,364,52,17926.17498,15157.958,11982.59,9893.204,13343.04586,12215.232533933333
2016-12-30,13584.621,53.75,4,12,4,365,52,15938.702,12080.25601,10437.893,14354.578,12245.637579142858,12157.290101066666
2016-12-31,10741.06,53.75,5,12,4,366,52,18554.34204,13946.75797,14347.259,10587.376,11909.340293428571,12262.1810344
2017-01-01,0.0,53.75,6,1,1,1,52,12963.608,13100.65,11421.137991,0.0,10793.157144857143,12141.974401066667
2017-01-02,5624.0259,53.75,0,1,1,2,1,3715.753,7932.707999,15683.887,8877.175,8941.213144857144,11761.269801366667
2017-01-03,14932.341,52.36,1,1,1,3,1,12157.823,14722.579,11322.29602,5119.277,9213.823559142857,11425.941098033334
2017-01-04,16356.818,53.26,2,1,1,4,1,12144.918,14684.381,6015.824004,14619.33902,9610.18327342857,11546.275930700001
2017-01-05,12789.186004,53.77,3,1,1,5,1,10244.317014,17926.17498,10911.071,12060.107,10211.883273428572,11890.975730566666
2017-01-06,13364.828,53.98,4,1,1,6,1,13584.621,15938.702,4684.176,15928.654,10575.435986285713,11953.579564033334
2017-01-07,11773.944,53.98,5,1,1,7,1,10741.06,18554.34204,15846.475,10556.557,10544.036986285715,12242.9346307
2017-01-08,6144.0070000000005,53.98,6,1,1,8,1,0.0,12963.608,11358.607,12306.13303,10691.591843428572,12107.183597366668
2017-01-09,14312.390995,51.95,0,1,1,9,2,5624.0259,3715.753,14351.003,11423.130996,11569.307129142859,11933.363597366666
2017-01-10,12060.286,50.82,1,1,1,10,2,14932.341,12157.823,11562.999,4931.47,12810.502142714284,11932.076530533335
2017-01-11,14150.699,52.19,2,1,1,11,2,16356.818,12144.918,5606.629003,10816.629981,12400.208571285713,11948.652763866667
2017-01-12,10831.247,53.01,3,1,1,12,2,12789.186004,10244.317014,11609.916,11643.1551,12085.048714142857,12233.4550971
2017-01-13,13469.946,52.36,4,1,1,13,2,13364.828,13584.621,14288.602001,12719.307,11805.343142142856,12207.499463766666
2017-01-14,12338.469,52.36,5,1,1,14,2,11773.944,10741.06,15157.958,11683.193,11820.359999285714,12180.210930399999
2017-01-15,5986.059987000001,52.36,6,1,1,15,2,6144.0070000000005,0.0,12080.25601,10941.234024,11901.00642785714,12086.227963733334
2017-01-16,11797.987,52.36,0,1,1,16,3,14312.390995,5624.0259,13946.75797,11929.99702,11878.442568857141,11883.088096299998
2017-01-17,12942.477,52.45,1,1,1,17,3,12060.286,14932.341,13100.65,5321.608001,11519.241998142857,11811.4623973
2017-01-18,14276.43672,51.12,2,1,1,18,3,14150.699,16356.818,7932.707999,11606.992003,11645.269283857142,11806.189963966666
2017-01-19,10505.899996,51.39,3,1,1,19,3,10831.247,12789.186004,14722.579,10171.57902,11663.231815285715,12017.647588
2017-01-20,10766.622,52.33,4,1,1,20,3,13469.946,13364.828,14684.381,13638.985,11616.753671857141,11877.0916212
2017-01-21,13271.161,52.33,5,1,1,21,3,12338.469,11773.944,17926.17498,8854.23402,11230.564529,11746.499654533332
2017-01-22,5245.27,52.33,6,1,1,22,3,5986.059987000001,6144.0070000000005,15938.702,12126.907,11363.806243285715,11591.332521866667
2017-01-23,12973.752004,52.77,0,1,1,23,4,11797.987,14312.390995,18554.34204,10662.263995,11257.979102285715,11234.884788533333
2017-01-24,11331.452,52.38,1,1,1,24,4,12942.477,12060.286,12963.608,4763.883998,11425.945531428571,11048.865120666667
2017-01-25,13740.706,52.14,2,1,1,25,4,14276.43672,14150.699,3715.753,10930.072001,11195.799102857143,10994.459920666668
2017-01-26,10407.096,53.24,3,1,1,26,4,10505.899996,10831.247,12157.823,10015.910995,11119.266142857143,11328.625020666666
2017-01-27,12294.119,53.18,4,1,1,27,4,10766.622,13469.946,12144.918,12924.734,11105.151286285714,11270.267453999999
2017-01-28,11856.994,53.18,5,1,1,28,4,13271.161,12338.469,10244.317014,9381.658,11323.365143428571,11275.240820666666
2017-01-29,5238.817,53.18,6,1,1,29,4,5245.27,5986.059987000001,13584.621,11233.454,11121.341286285713,11328.996720199999
2017-01-30,10890.876,52.63,0,1,1,30,5,12973.752004,11797.987,10741.06,11390.704,11120.419429142858,11050.803253533331
2017-01-31,10125.046,52.75,1,1,1,31,5,11331.452,12942.477,0.0,5120.153,10822.865714285714,11055.7971202
2017-02-01,14961.579999,53.9,2,2,1,32,5,13740.706,14276.43672,5624.0259,11688.280001,10650.521999999999,11393.298653533333
2017-02-02,11341.542995,53.55,3,2,1,33,5,10407.096,10505.899996,14932.341,10655.793,10824.932571285713,11704.550456833333
2017-02-03,12461.34899,53.81,4,2,1,34,5,12294.119,10766.622,16356.818,14724.247,10958.424999142855,11584.857189999999
2017-02-04,12703.63,53.81,5,2,1,35,5,11856.994,13271.161,12789.186004,10220.617,10982.314997714286,11455.008223
2017-02-05,5266.359,53.81,6,2,1,36,5,5238.817,5245.27,13364.828,11216.751975,11103.262997714284,11452.1563562
2017-02-06,10858.515,53.01,0,2,1,37,6,10890.876,12973.752004,11773.944,10244.838,11107.197569142856,11182.207389533334
2017-02-07,11408.945,52.19,1,2,1,38,6,10125.046,11331.452,6144.0070000000005,2876.325,11102.574569142856,11151.693089533333
2017-02-08,13686.225,52.37,2,2,1,39,6,14961.579999,13740.706,14312.390995,3072.805996,11285.988712,11327.191022866667
2017-02-09,10527.45001,52.99,3,2,1,40,6,11341.542995,10407.096,12060.286,4195.352001,11103.795140714286,11306.318823033333
2017-02-10,12853.598,53.84,4,2,1,41,6,12461.34899,12294.119,14150.699,13452.689,10987.496142857142,11255.224290033335
2017-02-11,12587.978,53.84,5,2,1,42,6,12703.63,11856.994,10831.247,10812.941004,11043.531715714285,11211.987590033334
2017-02-12,5495.094,53.84,6,2,1,43,6,5266.359,5238.817,13469.946,12557.833,11027.01000142857,11270.545290033333
2017-02-13,12579.33799,52.96,0,2,1,44,7,10858.515,10890.876,12338.469,11195.6099,11059.68643,11004.716890033334
2017-02-14,10865.672,53.21,1,2,1,45,7,11408.945,10125.046,5986.059987000001,4687.693997,11305.518285714285,11012.745856366666
2017-02-15,13083.796,53.11,2,2,1,46,7,13686.225,14961.579999,11797.987,10982.73802,11227.907857142856,11175.399590133335
2017-02-16,10306.516,53.41,3,2,1,47,7,10527.45001,11341.542995,12942.477,11976.383,11141.846571428572,11218.259890133333
2017-02-17,12547.40704,53.41,4,2,1,48,7,12853.598,12461.34899,14276.43672,13849.123,11110.284570000002,11130.394523466666
2017-02-18,13379.741,53.41,5,2,1,49,7,12587.978,12703.63,10505.899996,9562.982,11066.543004285715,11072.7602008
2017-02-19,4761.3819975,53.41,6,2,1,50,7,5495.094,5266.359,10766.622,12247.982,11179.652004285716,11168.554900933332
2017-02-20,11006.965,53.41,0,2,1,51,8,12579.33799,10858.515,13271.161,12201.808,11074.836003928573,10968.380234183334
2017-02-21,11075.815,54.02,1,2,1,52,8,10865.672,11408.945,5245.27,5360.734998,10850.21129107143,10892.907034183334
2017-02-22,12969.76802,53.61,2,2,1,53,8,13083.796,13686.225,12973.752004,10921.543,10880.231719642858,11087.258534183335
2017-02-23,10394.717996,54.48,3,2,1,54,8,10306.516,10527.45001,11331.452,10211.301,10863.942008214286,11087.125734716665
2017-02-24,12310.243,53.99,4,2,1,55,8,12547.40704,12853.598,13740.706,12944.691,10876.542293357143,11055.901267916666
2017-02-25,10516.325,53.99,5,2,1,56,8,13379.741,12587.978,10407.096,8975.213,10842.661716214285,11008.219167916666
2017-02-26,3475.025999,53.99,6,2,1,57,8,4761.3819975,5495.094,12294.119,11287.46,10433.602287642858,11011.860134583334
2017-02-27,2951.041,54.04,0,2,1,58,9,11006.965,12579.33799,11856.994,11155.342,10249.837145000001,10717.890367883334
2017-02-28,5553.757,54.0,1,2,1,59,9,11075.815,10865.672,5238.817,4391.388,9098.990859285714,10421.025267883333
2017-03-01,16819.463,53.82,2,3,1,60,9,12969.76802,13083.796,10890.876,10864.044,8310.125430714286,10431.523267883334
2017-03-02,12781.885,52.63,3,3,1,61,9,10394.717996,10306.516,10125.046,11442.525,8860.081856428571,10629.142834549999
2017-03-03,13219.127,53.33,4,3,1,62,9,12310.243,12547.40704,14961.579999,14227.7637,9201.105714142857,10717.70413455
2017-03-04,12086.526,53.33,5,3,1,63,9,10516.325,13379.741,11341.542995,9907.659,9330.946285571428,10659.622367916667
2017-03-05,5156.634,53.33,6,3,1,64,9,3475.025999,4761.3819975,12461.34899,13024.52608,9555.260714142858,10684.455134749998
2017-03-06,10819.112,53.19,0,3,1,65,10,2951.041,11006.965,12703.63,12215.61,9795.49042857143,10440.964635083334
2017-03-07,14300.59,52.68,1,3,1,66,10,5553.757,11075.815,5266.359,5326.90499,10919.50057142857,10378.147368416667
2017-03-08,13247.726,49.83,2,3,1,67,10,16819.463,12969.76802,10858.515,10398.266999,12169.048142857142,10679.28840175
2017-03-09,10605.343,48.75,3,3,1,68,10,12781.885,10394.717996,11408.945,9925.632,11658.800000000001,10758.928768416667
2017-03-10,12329.87103,48.05,4,3,1,69,10,13219.127,12310.243,13686.225,13101.241,11347.865428571427,10732.142035083332
2017-03-11,11997.510004,48.05,5,3,1,70,10,12086.526,10516.325,10527.45001,9478.16,11220.828861428572,10686.930236083334
2017-03-12,5897.179,48.05,6,3,1,71,10,5156.634,3475.025999,12853.598,11767.093,11208.11229057143,10735.932235883332
2017-03-13,11353.198,47.95,0,3,1,72,11,10819.112,2951.041,12587.978,11222.854,11313.904433428572,10504.051602549998
2017-03-14,10622.636,47.24,1,3,1,73,11,14300.59,5553.757,5495.094,4875.2819995,11390.202433428572,10462.892269216665
2017-03-15,14398.52502,48.34,2,3,1,74,11,13247.726,16819.463,12579.33799,10366.963,10864.780433428572,10633.810335883334
2017-03-16,10642.391,48.3,3,3,1,75,11,10605.343,12781.885,10865.672,10418.358004,11029.18029342857,10694.449903550001
2017-03-17,15182.124,48.34,4,3,1,76,11,12329.87103,13219.127,13083.796,13500.63398,11034.472864857144,10687.00720355
2017-03-18,11699.793004,48.34,5,3,1,77,11,11997.510004,12086.526,10306.516,9876.26,11441.937574857144,10756.951470216669
2017-03-19,5631.1179999999995,48.34,6,3,1,78,11,5897.179,5156.634,12547.40704,11310.90203,11399.406574857143,10803.394037016667
2017-03-20,11953.704,47.79,0,3,1,79,12,11353.198,10819.112,13379.741,11322.238,11361.397860571427,10572.851069016668
2017-03-21,12336.948,47.02,1,3,1,80,12,10622.636,14300.59,4761.3819975,5254.490998,11447.184432,10525.31650235
2017-03-22,14122.55,47.29,2,3,1,81,12,14398.52502,13247.726,11006.965,10265.369,11692.086146285714,10777.835369100001
2017-03-23,10741.143,47.0,3,3,1,82,12,10642.391,10605.343,11075.815,9954.13,11652.661143428571,10881.688202433334
2017-03-24,13505.038,47.3,4,3,1,83,12,15182.124,12329.87103,12969.76802,12646.128,11666.768572,10870.532469099999
2017-03-25,11667.069,47.3,5,3,1,84,12,11699.793004,11997.510004,10394.717996,12450.442998,11427.184857714285,10888.374801766668
2017-03-26,5306.7369,47.3,6,3,1,85,12,5631.1179999999995,5897.179,12310.243,4112.867,11422.51,10930.7865019
2017-03-27,11811.434,47.02,0,3,1,86,13,11953.704,11353.198,10516.325,7583.257,11376.169842857142,10697.336298566666
2017-03-28,10759.35598,48.36,1,3,1,87,13,12336.948,10622.636,3475.025999,4301.589,11355.845557142859,10740.506598566666
2017-03-29,14369.385,49.47,2,3,1,88,13,14122.55,14398.52502,2951.041,10090.241,11130.475268571428,10983.317597933335
2017-03-30,10265.408,50.3,3,3,1,89,13,10741.143,10642.391,5553.757,11029.38,11165.737411428572,11363.929064599999
2017-03-31,13320.378975,50.54,4,3,1,90,13,13505.038,15182.124,16819.463,12195.649,11097.775268571428,11520.984097933333
2017-04-01,15094.336,50.54,5,4,2,91,13,11667.069,11699.793004,12781.885,10097.373,11071.395407857142,11404.347963766666
2017-04-02,5521.681903,50.54,6,4,2,92,13,5306.7369,5631.1179999999995,13219.127,13478.62,11561.004979285715,11481.429663766667
2017-04-03,11166.36702,50.25,0,4,2,93,14,11811.434,11953.704,12086.526,12069.150979,11591.711408285713,11224.84816053333
2017-04-04,11028.61,50.99,1,4,2,94,14,10759.35598,12336.948,5156.634,5694.664004,11499.558982571429,11194.176194533333
2017-04-05,15539.17,51.14,2,4,2,95,14,14369.385,14122.55,10819.112,11356.597021,11538.023842571429,11389.908727866667
2017-04-06,10487.067001,51.69,3,4,2,96,14,10265.408,10741.143,14300.59,10535.975,11705.135985428571,11547.243994533334
2017-04-07,13014.477,52.25,4,4,2,97,14,13320.378975,13505.038,13247.726,13216.21302,11736.801557,11420.126561233334
2017-04-08,12509.368,52.25,5,4,2,98,14,15094.336,11667.069,10605.343,10163.651,11693.101274857143,11412.351594566666
2017-04-09,5621.146,52.25,6,4,2,99,14,5521.681903,5306.7369,12329.87103,11363.352,11323.820131999999,11475.819094566667
2017-04-10,10221.429,53.06,0,4,2,100,15,11166.36702,11811.434,11997.510004,10749.706,11338.029288714286,11252.1949269
2017-04-11,10463.389,53.38,1,4,2,101,15,11028.61,10759.35598,5897.179,5046.561004,11203.038143,11192.992226766666
2017-04-12,14034.103974,53.12,2,4,2,102,15,15539.17,14369.385,11353.198,10336.687001,11122.292285857142,11345.199226766668
2017-04-13,11394.875999,53.19,3,4,2,103,15,10487.067001,10265.408,10622.636,9775.691,10907.282853571427,11434.562759233331
2017-04-14,4192.903,53.19,4,4,2,104,15,13014.477,13320.378975,14398.52502,12728.69002,11036.969853285713,11460.304092533333
2017-04-15,8229.871,53.19,5,4,2,105,15,12509.368,15094.336,10642.391,9432.008,9776.744996142856,11120.116691866666
2017-04-16,4695.418,53.19,6,4,2,106,15,5621.146,5521.681903,15182.124,11725.045,9165.388281857142,11039.699358533333
2017-04-17,12958.248998,52.62,0,4,2,107,16,10221.429,11166.36702,11699.793004,10527.32201,9033.141424714286,10690.142491866665
2017-04-18,10410.45999,52.46,1,4,2,108,16,10463.389,11028.61,5631.1179999999995,7741.658,9424.115710142856,10732.091025
2017-04-19,13399.714,50.49,2,4,2,109,16,14034.103974,15539.17,11953.704,21788.9,9416.554423,10891.402424666665
2017-04-20,10048.905,50.26,3,4,2,110,16,11394.875999,10487.067001,12336.948,20811.844,9325.927283857143,10939.602757999999
2017-04-21,13296.02397,49.64,4,4,2,111,16,4192.903,13014.477,14122.55,18575.06,9133.645712571428,10863.334658
2017-04-22,11995.482,49.64,5,4,2,112,16,8229.871,12509.368,10741.143,13637.779,10434.091565428573,10835.783790333333
2017-04-23,4800.859998,49.64,6,4,2,113,16,4695.418,5621.146,13505.038,15088.343,10972.035994,10877.595090333334
2017-04-24,11186.166,48.9,0,4,2,114,17,12958.248998,10221.429,11667.069,11701.438,10987.099136571427,10587.4558236
2017-04-25,10352.57301,49.22,1,4,2,115,17,10410.45999,10463.389,5306.7369,5721.287,10733.944422571429,10571.4257236
2017-04-26,13849.35,49.22,2,4,2,116,17,13399.714,14034.103974,11811.434,9837.596,10725.674853999999,10739.620260599999
2017-04-27,9760.477,48.96,3,4,2,117,17,10048.905,11394.875999,10759.35598,10411.154,10789.908568285715,10807.550793933335
2017-04-28,12199.520036,49.31,4,4,2,118,17,13296.02397,4192.903,14369.385,12491.929001,10748.704568285715,10774.254827933331
2017-04-29,10542.024,49.31,5,4,2,119,17,11995.482,8229.871,10265.408,10710.40198,10592.061149142857,10701.9259958
2017-04-30,4141.205,49.31,6,4,2,120,17,4800.859998,4695.418,13320.378975,12093.106999,10384.424292,10711.146529133335
2017-05-01,4031.118,48.83,0,5,2,121,18,11186.166,12958.248998,15094.336,11891.135,10290.187863714285,10405.174063299999
2017-05-02,14847.012,47.65,1,5,2,122,18,10352.57301,10410.45999,5521.681903,5748.366,9268.038149428572,10036.400129966667
2017-05-03,15268.652,47.79,2,5,2,123,18,13849.35,13399.714,11166.36702,11469.481,9910.100862285715,10347.244466533333
2017-05-04,11149.448,45.55,3,5,2,124,18,9760.477,10048.905,11028.61,10635.6581,10112.858290857142,10483.9872992
2017-05-05,12701.114996,46.23,4,5,2,125,18,12199.520036,13296.02397,15539.17,14285.435,10311.282719428573,10488.015232533333
2017-05-06,11937.496,46.23,5,5,2,126,18,10542.024,11995.482,10487.067001,10964.97,10382.939142285715,10393.413399066665
2017-05-07,4812.538,46.23,6,5,2,127,18,4141.205,4800.859998,13014.477,13110.13,10582.292285142858,10441.761032366667
2017-05-08,11854.108,46.46,0,5,2,128,19,4031.118,11186.166,12509.368,12851.412,10678.196999428572,10168.3630657
2017-05-09,10843.036,45.84,1,5,2,129,19,14847.012,10352.57301,5621.146,4239.267,11795.766999428572,10146.5210657
2017-05-10,13250.725,47.28,2,5,2,130,19,15268.652,13849.35,10221.429,11749.036996,11223.770428000002,10320.5840657
2017-05-11,9039.18,47.81,3,5,2,131,19,11149.448,9760.477,10463.389,9276.519,10935.495142285714,10421.560599033335
2017-05-12,13269.807,47.83,4,5,2,132,19,12701.114996,12199.520036,14034.103974,13033.325999,10634.028285142858,10374.0869657
2017-05-13,12306.483994,47.83,5,5,2,133,19,11937.496,10542.024,11394.875999,9427.574999,10715.27,10348.6103999
2017-05-14,4081.640004,47.83,6,5,2,134,19,4812.538,4141.205,4192.903,11462.110995,10767.982570571428,10378.997333066665
2017-05-15,11186.266003,48.86,0,5,2,135,20,11854.108,4031.118,8229.871,11160.272,10663.568571142856,10375.288566533332
2017-05-16,11206.256983,48.64,1,5,2,136,20,10843.036,14847.012,4695.418,5386.157,10568.16257157143,10473.835066633334
2017-05-17,13594.376,49.04,2,5,2,137,20,13250.725,15268.652,12958.248998,12300.916004,10620.051283428571,10690.863032733332
2017-05-18,10348.56302,49.36,3,5,2,138,20,9039.18,11149.448,10410.45999,10884.85,10669.144283428572,10712.067266133334
2017-05-19,13483.6569,50.32,4,5,2,139,20,13269.807,12701.114996,13399.714,12762.789,10856.19900057143,10710.004033800002
2017-05-20,10749.912,50.32,5,5,2,140,20,12306.483994,11937.496,10048.905,9360.158,10886.748986285715,10712.802130466669
2017-05-21,4885.59199,50.32,6,5,2,141,20,4081.640004,4812.538,13296.02397,12091.8381,10664.38155857143,10736.169030466666
2017-05-22,11657.8199,50.81,0,5,2,142,21,11186.266003,11854.108,11995.482,11420.773,10779.231842285715,10455.821297800001
2017-05-23,11253.753,51.12,1,5,2,143,21,11206.256983,10843.036,4800.859998,4919.231,10846.596684714284,10444.565894466667
2017-05-24,14215.447,50.99,2,5,2,144,21,13594.376,13250.725,11186.166,10053.379,10853.38183,10659.662327866668
2017-05-25,10587.049,48.57,3,5,2,145,21,10348.56302,9039.18,10352.57301,9161.781,10942.106258571428,10760.638361199999
2017-05-26,5946.604996,49.58,4,5,2,146,21,13483.6569,13269.807,13849.35,12181.12301,10976.175684285714,10768.454227533333
2017-05-27,9247.769,49.58,5,5,2,147,21,10749.912,12306.483994,9760.477,10560.148,9899.453983714286,10505.029394066665
2017-05-28,4871.577,49.58,6,5,2,148,21,4885.59199,4081.640004,12199.520036,5733.468,9684.86212657143,10487.9391274
2017-05-29,11704.674,49.58,0,5,2,149,22,11657.8199,11186.266003,10542.024,8369.976998,9682.859985142857,10243.674359533334
2017-05-30,9755.859,49.63,1,5,2,150,22,11253.753,11206.256983,4141.205,4427.090002,9689.553428000001,10282.429359533333
2017-05-31,14064.38398,48.29,2,5,2,151,22,14215.447,13594.376,4031.118,10979.74,9475.568570857144,10469.584492866668
2017-06-01,11293.651,48.32,3,6,2,152,22,10587.049,10348.56302,14847.012,12266.418001,9453.988139428573,10804.0266922
2017-06-02,13122.11403,47.68,4,6,2,153,22,5946.604996,13483.6569,15268.652,14458.383001,9554.931282285714,10685.581325533334
2017-06-03,12653.627,47.68,5,6,2,154,22,9247.769,10749.912,11149.448,9705.669,10580.004001428573,10614.030059866667
2017-06-04,5111.884,47.68,6,6,2,155,22,4871.577,4885.59199,12701.114996,13409.14998,11066.555144285714,10664.169359866666
2017-06-05,12049.031984,47.4,0,6,2,156,23,11704.674,11657.8199,11937.496,11465.81,11100.884715714286,10411.194993333334
2017-06-06,12775.544,48.13,1,6,2,157,23,9755.859,11253.753,4812.538,4929.354,11150.078713428573,10414.912859466665
2017-06-07,14705.93103,45.8,2,6,2,158,23,14064.38398,14215.447,11854.108,11100.488,11581.462284857143,10680.3463928
2017-06-08,10373.042,45.68,3,6,2,159,23,11293.651,10587.049,10843.036,10283.343,11673.111863428572,10775.407160466666
2017-06-09,13456.415,45.82,4,6,2,160,23,13122.11403,5946.604996,13250.725,13536.554,11541.596291999998,10759.7406938
2017-06-10,11449.76,45.82,5,6,2,161,23,12653.627,9247.769,9039.18,8121.008,11589.35357342857,10766.597027133334
2017-06-11,5825.817998,45.82,6,6,2,162,23,5111.884,4871.577,13269.807,12087.85497,11417.37257342857,10846.9496938
2017-06-12,10798.44101,46.1,0,6,2,163,24,12049.031984,11704.674,12306.483994,10788.66,11519.363144571427,10598.816727066667
2017-06-13,10801.989021,46.41,1,6,2,164,24,12775.544,9755.859,4081.640004,4864.933003,11340.707291142857,10548.5486276
2017-06-14,14891.530003,44.79,2,6,2,165,24,14705.93103,14064.38398,11186.266003,10556.533,11058.770865571429,10772.5602615
2017-06-15,11433.403,44.47,3,6,2,166,24,10373.042,11293.651,11206.256983,9464.089,11085.28500457143,10896.069061499998
2017-06-16,12456.52503,44.73,4,6,2,167,24,13456.415,13122.11403,13594.376,13223.444994,11236.76514742857,10903.640595400002
2017-06-17,12414.342,44.73,5,6,2,168,24,11449.76,12653.627,10348.56302,9832.851,11093.923723142858,10865.712229733332
2017-06-18,4957.6320000000005,44.73,6,6,2,169,24,5825.817998,5111.884,13483.6569,11649.69499,11231.721151714286,10934.571529066665
2017-06-19,11907.839,44.24,0,6,2,170,25,10798.44101,12049.031984,10749.912,11453.529,11107.694580571431,10650.370699066667
2017-06-20,13910.833004,43.34,1,6,2,171,25,10801.989021,12775.544,4885.59199,4765.486004,11266.180007714285,10688.968265733334
2017-06-21,13682.951998,42.48,2,6,2,172,25,14891.530003,14705.93103,11657.8199,10805.30802,11710.300576714286,10989.809632866667
2017-06-22,10069.635,42.53,3,6,2,173,25,11433.403,10373.042,11253.753,9622.353,11537.646576000001,11057.314036133332
2017-06-23,12013.79102,42.86,4,6,2,174,25,12456.52503,13456.415,14215.447,13056.30502,11342.822576,11017.843436133333
2017-06-24,11769.444,42.86,5,6,2,175,25,12414.342,11449.76,10587.049,9335.041,11279.574860285715,10944.454903466667
2017-06-25,5011.069,42.86,6,6,2,176,25,4957.6320000000005,5825.817998,5946.604996,10689.319001,11187.44657457143,10983.868070133334
2017-06-26,10722.777,43.24,0,6,2,177,26,11907.839,10798.44101,9247.769,10858.349,11195.080431714285,10952.683536933333
2017-06-27,10498.349,44.25,1,6,2,178,26,13910.833004,10801.989021,4871.577,5208.754,11025.785860285714,11001.850470266665
2017-06-28,13409.584,44.74,2,6,2,179,26,13682.951998,14891.530003,11704.674,10682.921996,10538.28814542857,11189.409536933332
2017-06-29,10247.561996,44.88,3,6,2,180,26,10069.635,11433.403,9755.859,10853.04,10499.235574285714,11246.239870266667
2017-06-30,12272.991998,46.02,4,6,2,181,26,12013.79102,12456.52503,14064.38398,11766.3019,10524.653716571429,11262.629970133334
2017-07-01,11801.934,46.02,5,7,3,182,26,11769.444,12414.342,11293.651,9096.679,10561.682427714286,11202.916904066667
2017-07-02,5308.296996,46.02,6,7,3,183,26,5011.069,4957.6320000000005,13122.11403,13323.116,10566.323856285715,11219.859670733333
2017-07-03,12201.219001,46.02,0,7,3,184,27,10722.777,11907.839,12653.627,11189.01,10608.784998571427,10959.399102933334
2017-07-04,10951.704,46.02,1,7,3,185,27,10498.349,13910.833004,5111.884,5190.026001,10819.990998714286,10944.3188363
2017-07-05,14023.388,45.11,2,7,3,186,27,13409.584,13682.951998,12049.031984,11803.014,10884.755998714287,11138.979502966666
2017-07-06,10311.751006,45.52,3,7,3,187,27,10247.561996,10069.635,12775.544,10130.962,10972.442284428571,11204.791370166668
2017-07-07,12001.7,44.25,4,7,3,188,27,12272.991998,12013.79102,14705.93103,13442.464001,10981.612143,11122.664937033334
2017-07-08,10995.22,44.25,5,7,3,189,27,11801.934,11769.444,10373.042,9581.654,10942.856143285713,11032.523902699999
2017-07-09,5131.654004,44.25,6,7,3,190,27,5308.296996,5011.069,13456.415,12255.994996,10827.611286142857,11053.263169366666
2017-07-10,11624.978,44.4,0,7,3,191,28,12201.219001,10722.777,11449.76,10081.31,10802.376573,10775.771136166666
2017-07-11,10553.459004,45.06,1,7,3,192,28,10951.704,10498.349,5825.817998,4455.012,10720.05643,10781.611736166667
2017-07-12,13726.383,45.48,2,7,3,193,28,14023.388,13409.584,10798.44101,9984.0429995,10663.164287714286,10939.1997697
2017-07-13,10269.74299,46.06,3,7,3,194,28,10311.751006,10247.561996,10801.989021,9085.745,10620.735002,11036.797836033335
2017-07-14,12375.274004,46.53,4,7,3,195,28,12001.7,12272.991998,14891.530003,13147.682,10614.733856857143,11019.056301666667
2017-07-15,9871.204,46.53,5,7,3,196,28,10995.22,11801.934,11433.403,9209.611,10668.101571714285,10935.1811017
2017-07-16,4629.171,46.53,6,7,3,197,28,5131.654004,5308.296996,12456.52503,12075.518,10507.527857428571,10883.1078017
2017-07-17,11337.712992,46.02,0,7,3,198,29,11624.978,12201.219001,12414.342,11613.16,10435.744571142857,10622.1960007
2017-07-18,11978.147002,46.4,1,7,3,199,29,10553.459004,10951.704,4957.6320000000005,4815.242,10394.706712857142,10586.3083671
2017-07-19,12998.338,47.1,2,7,3,200,29,13726.383,14023.388,11907.839,10712.03,10598.233569714286,10820.325533833331
2017-07-20,10448.933905,46.73,3,7,3,201,29,10269.74299,10311.751006,13910.833004,9928.27,10494.227141142857,10856.6755005
2017-07-21,12780.709996,45.78,4,7,3,202,29,12375.274004,12001.7,13682.951998,12154.349001,10519.825843285715,10741.278863866666
2017-07-22,11120.524,45.78,5,7,3,203,29,9871.204,10995.22,10069.635,9637.363001,10577.745270714284,10711.204130466667
2017-07-23,5308.637,45.78,6,7,3,204,29,4629.171,5131.654004,12013.79102,11491.652002,10756.21955642857,10746.2337638
2017-07-24,11094.851,46.21,0,7,3,205,30,11337.712992,11624.978,11769.444,10016.80702,10853.286127857142,10522.7286298
2017-07-25,10329.44303,47.77,1,7,3,206,30,11978.147002,10553.459004,5011.069,4713.034004,10818.591557571428,10500.242196466665
2017-07-26,12579.23302,48.58,2,7,3,207,30,12998.338,13726.383,10722.777,9436.25702,10583.062418714286,10677.5213308
2017-07-27,10078.642,49.05,3,7,3,208,30,10448.933905,10269.74299,10498.349,9554.54602,10523.190278714286,10739.403198133334
2017-07-28,11361.689,49.72,4,7,3,209,30,12780.709996,12375.274004,13409.584,12775.538004,10470.291435142857,10725.4129648
2017-07-29,10165.192,49.72,5,7,3,210,30,11120.524,9871.204,10247.561996,9542.752,10267.57415,10657.149798133332
2017-07-30,4950.2159897,49.72,6,7,3,211,30,5308.637,4629.171,12272.991998,9758.121998,10131.098150000002,10654.404131599998
2017-07-31,11626.725,50.21,0,7,3,212,31,11094.851,11337.712992,11801.934,11566.888,10079.89514852857,10410.311597989998
